   0.92       0
   1.84       0
   2.76       0
    4.6       0
   6.44       0
   7.36       0
   8.28       0
    9.2       0
  10.12       0
  11.04       0
   1.38 1.01037
    2.3 1.01037
   3.22 1.01037
   4.14 1.01037
   5.06 1.01037
    6.9 1.01037
   7.82 1.01037
   8.74 1.01037
   9.66 1.01037
  10.58 1.01037
   11.5 1.01037
   0.92 2.02073
   1.84 2.02073
   2.76 2.02073
   3.68 2.02073
    4.6 2.02073
   6.44 2.02073
   7.36 2.02073
   8.28 2.02073
    9.2 2.02073
  10.12 2.02073
  11.04 2.02073
   1.38  3.0311
    2.3  3.0311
   3.22  3.0311
   4.14  3.0311
   5.52 2.02073
   7.82  3.0311
   8.74  3.0311
   9.66  3.0311
  10.58  3.0311
   11.5  3.0311
   5.06  3.0311
   5.98  3.0311
    6.9  3.0311
  11.04 4.04147
   0.92 4.04147
   1.84 4.04147
   2.76 4.04147
   3.68 4.04147
    4.6 4.04147
   5.52 4.04147
   6.44 4.04147
   7.36 4.04147
   8.28 4.04147
    9.2 4.04147
  10.12 4.04147
   1.38 5.05183
    2.3 5.05183
   3.22 5.05183
   4.14 5.05183
   5.06 5.05183
   5.98 5.05183
    6.9 5.05183
   7.82 5.05183
   8.74 5.05183
   9.66 5.05183
  10.58 5.05183
   2.76  6.0622
   3.68  6.0622
    4.6  6.0622
   5.52  6.0622
   6.44  6.0622
   7.36  6.0622
   8.28  6.0622
    9.2  6.0622
  10.12  6.0622
  11.04  6.0622
      0       0
   3.68       0
   5.52       0
   0.46 1.01037
   5.98 1.01037
      0 2.02073
   0.46  3.0311
      0 4.04147
   0.46 5.05183
   11.5 5.05183
      0  6.0622
   0.92  6.0622
   1.84  6.0622
