79 82
79  1
 1 82
 1 11
 1  2
 2 11
 2 12
 2  3
 3 12
 3 13
 3 80
80 13
80 14
80  4
 4 14
 4 15
 4 81
81 15
81 83
81  5
 5 83
 5 16
 5  6
 6 16
 6 17
 6  7
 7 17
 7 18
 7  8
 8 18
 8 19
 8  9
 9 19
 9 20
 9 10
10 20
10 21
82 84
82 22
82 11
11 22
11 23
11 12
12 23
12 24
12 13
13 24
13 25
13 14
14 25
14 26
14 15
15 26
15 37
15 83
83 37
83 27
83 16
16 27
16 28
16 17
17 28
17 29
17 18
18 29
18 30
18 19
19 30
19 31
19 20
20 31
20 32
20 21
21 32
84 85
84 22
22 85
22 33
22 23
23 33
23 34
23 24
24 34
24 35
24 25
25 35
25 36
25 26
26 36
26 43
26 37
37 43
37 44
37 27
27 44
27 45
27 28
28 45
28 38
28 29
29 38
29 39
29 30
30 39
30 40
30 31
31 40
31 41
31 32
32 41
32 42
85 86
85 47
85 33
33 47
33 48
33 34
34 48
34 49
34 35
35 49
35 50
35 36
36 50
36 51
36 43
43 51
43 52
43 44
44 52
44 53
44 45
45 53
45 54
45 38
38 54
38 55
38 39
39 55
39 56
39 40
40 56
40 57
40 41
41 57
41 46
41 42
42 46
86 87
86 47
47 87
47 58
47 48
48 58
48 59
48 49
49 59
49 60
49 50
50 60
50 61
50 51
51 61
51 62
51 52
52 62
52 63
52 53
53 63
53 64
53 54
54 64
54 65
54 55
55 65
55 66
55 56
56 66
56 67
56 57
57 67
57 68
57 46
46 68
46 88
87 89
87 90
87 58
58 90
58 91
58 59
59 91
59 69
59 60
60 69
60 70
60 61
61 70
61 71
61 62
62 71
62 72
62 63
63 72
63 73
63 64
64 73
64 74
64 65
65 74
65 75
65 66
66 75
66 76
66 67
67 76
67 77
67 68
68 77
68 78
68 88
88 78
89 90
90 91
91 69
69 70
70 71
71 72
72 73
73 74
74 75
75 76
76 77
77 78
