2.685402 0.114872 2.120791 0.409034 1.546840 0.362778 
2.652151 0.156849 2.223610 0.372389 1.390093 0.333676 
2.574107 0.135384 2.108015 0.372252 1.632420 0.350172 
2.562979 0.017012 2.222983 0.364395 1.667546 0.337709 
2.664582 0.199663 2.184499 0.357861 1.440365 0.335043 
2.524606 0.094069 1.868602 0.413461 1.746635 0.363674 3.923997 
2.620411 0.041598 2.045019 0.440756 1.873427 0.343638 0.119823 
2.683831 0.020145 2.204769 0.387797 1.661956 0.351914 
0.158975 2.685984 2.168021 0.393573 2.050793 0.348201 
0.161548 2.642462 2.399951 0.384500 1.671662 0.342512 
0.174068 2.561113 2.490149 0.367438 1.851227 0.350633 
0.138021 2.587950 2.240152 0.404522 1.944675 0.344749 
0.191302 2.671114 2.323931 0.326882 1.488060 0.349951 
0.139365 2.587296 2.121159 0.375178 1.775722 0.338114 
0.011272 2.704824 2.295690 0.379268 1.765327 0.349243 
0.114892 2.595730 2.299041 0.380041 1.551569 0.375079 0.175953 
0.148120 2.592953 2.277669 0.374017 1.756860 0.331837 
0.053923 2.525522 2.161466 0.393433 1.444768 0.353069 5.072406 8.468674 
0.179829 2.593811 2.155622 0.388669 1.925467 0.340731 0.021737 2.960874 
0.168008 2.555638 2.206271 0.380558 2.037697 0.340221 
0.150168 2.609750 2.151695 0.375536 2.064799 0.340214 3.616524 
0.179322 2.502105 2.208857 0.378520 1.581162 0.346918 
0.160612 2.723095 2.259215 0.371464 1.678391 0.364026 
0.132971 2.674966 2.196732 0.380886 1.894373 0.334252 2.435649 3.035560 
0.187341 2.536328 2.007033 0.357642 1.740843 0.351423 2.572782 
0.193114 2.595894 2.024803 0.380705 2.022051 0.341610 2.867118 0.407378 
0.129401 2.667182 2.156947 0.393417 1.996422 0.336598 
0.121777 2.697213 2.079822 0.408907 1.755466 0.350986 4.791532 
0.142149 2.612868 2.337483 0.402062 1.722726 0.336608 0.099261 2.347778 
0.056740 2.654493 2.343969 0.393815 1.989713 0.332242 
0.167214 2.441423 2.290743 0.364765 1.904676 0.325767 0.262585 2.561208 
0.144757 2.597113 2.121593 0.361321 1.797458 0.342737 
0.173485 2.539970 2.001584 0.376332 1.760146 0.336750 3.483914 4.270535 
0.278978 2.674921 2.108177 0.371343 1.542638 0.338327 0.066330 
0.183891 2.547435 2.045702 0.391751 1.720031 0.365397 3.483938 0.332909 
0.137231 2.594615 2.297945 0.391656 1.736160 0.344762 
0.172125 2.497904 2.100026 0.367129 1.532178 0.339733 4.900032 
0.064314 2.606733 1.962311 0.387682 1.827944 0.347151 0.180056 3.924196 
0.128570 2.653066 2.192157 0.371025 0.198401 0.345461 1.991661 
2.228000 2.510197 2.147207 0.385795 0.123223 0.334989 
1.766236 2.533316 2.152811 0.379175 0.098169 0.332956 
1.990258 2.465861 1.859758 0.398044 0.123770 0.343191 
1.969619 2.604569 2.150505 0.403436 0.135736 0.329211 
1.809108 2.635022 2.389906 0.366745 0.178435 0.338248 
2.082768 2.707638 2.164912 0.409774 0.095034 0.325801 2.186128 
1.871177 2.647669 2.250608 0.374282 0.121734 0.338970 
1.422441 2.482299 2.183377 0.367022 0.294646 0.347162 0.095767 0.092771 
1.620453 0.160631 2.079649 0.371852 2.450066 0.338383 
1.730117 0.196275 2.152204 0.351281 2.586202 0.350334 2.580879 
1.964364 0.133819 1.808535 0.378739 2.589429 0.339185 4.675072 
2.068618 0.146160 2.093385 0.392985 2.637722 0.332207 2.856516 
1.858390 0.105009 1.584770 0.408327 2.547553 0.343404 2.280731 5.215874 
1.610208 0.003264 2.044608 0.146547 2.688849 0.321791 0.365361 0.433328 
1.406179 0.223146 1.973146 0.367971 2.435449 0.342279 
1.712499 0.129041 1.747207 0.385666 2.631168 0.338160 8.754727 
1.933142 0.119316 2.232689 0.367769 2.708297 0.327926 
1.594286 0.178843 2.213748 0.388269 2.567625 0.343734 
1.896256 0.088253 2.265790 0.387149 2.677339 0.347199 2.173874 
1.434354 0.215218 2.028724 0.360546 2.531912 0.344585 
1.799541 0.100811 2.003387 0.413153 2.571291 0.331704 
1.568918 0.187557 2.132053 0.348794 2.530783 0.339367 
1.789973 0.136415 1.999349 0.365029 2.580704 0.323197 
1.787154 0.089999 2.019453 0.407856 2.582670 0.339171 2.659617 0.064522 
1.660323 0.170954 2.099310 0.393317 2.376649 0.326430 
1.999210 0.165517 2.054967 0.349915 2.532695 0.326520 3.164031 
1.795080 0.234586 2.279963 0.352010 2.489668 0.328837 
1.884715 0.164148 2.203203 0.379006 2.428288 0.330660 2.281571 
1.879598 0.175274 2.217983 0.363250 2.504578 0.316789 
1.859220 0.108963 2.235147 0.390887 2.590399 0.320573 
1.551545 0.113252 2.274772 0.381582 2.592194 0.338377 
0.075729 1.587068 2.075356 0.348365 2.577311 0.348160 3.301863 
0.028007 1.884233 2.147690 0.369115 2.606216 0.328594 0.142018 
0.112081 1.603195 2.092671 0.369532 2.406633 0.340299 2.652731 
0.155653 1.560858 2.246449 0.363333 2.417199 0.341251 0.320592 
0.202179 1.433278 2.165003 0.357555 2.525501 0.339215 0.343135 
0.140684 1.886937 2.084690 0.377447 2.535391 0.343109 
0.107918 2.299836 1.963493 0.377952 2.604294 0.320142 1.949724 
0.077004 2.142168 2.048568 0.393485 2.635328 0.345724 
0.179254 1.810135 1.921778 0.390153 2.617457 0.334581 
0.117327 1.810505 1.991948 0.404639 2.609484 0.346853 5.109916 
0.088556 1.919269 2.073184 0.381043 2.543935 0.334189 
0.209225 1.479249 1.818783 0.339933 2.545282 0.329017 2.685152 
0.204946 1.585344 2.124374 0.406355 2.505370 0.329390 
0.120947 1.854514 2.122729 0.401078 2.504717 0.341057 
0.171715 1.499942 2.146851 0.364696 2.526781 0.341648 
0.095686 1.980955 1.927127 0.361171 2.557457 0.325925 0.359943 3.006431 
0.125840 1.775370 2.039791 0.371625 2.584743 0.339003 5.379919 
0.100839 1.946905 2.356921 0.395487 2.674098 0.319837 
0.171735 1.546693 1.947033 0.383404 2.583368 0.339522 
0.059242 1.737633 0.341532 0.369616 2.544528 2.284653 0.249197 2.073815 0.191433 
0.155282 1.701365 0.332873 0.382012 2.588265 2.293415 
0.184114 1.934433 0.346167 0.386905 2.569856 1.894123 2.572385 1.498620 
0.175207 1.711930 0.344161 0.369113 2.683873 2.244541 0.109519 
0.178379 1.593719 0.356495 0.424108 2.591639 2.332679 0.363336 
0.027642 2.093518 0.342938 0.410417 2.555336 2.324676 0.195075 
0.079413 2.028270 0.344330 0.385022 2.633561 2.043839 
0.174170 1.437991 0.341563 0.391804 2.629591 2.067383 5.286919 3.535513 
0.134405 2.029916 0.352439 0.386182 2.638441 2.352299 
0.083033 2.054877 0.346944 0.427769 2.731849 2.215519 7.413752 
2.142921 1.614198 0.358882 0.291714 2.620940 
