-0.463283  1.551610
-0.356175  0.668663
-0.369466  0.250148
-0.415974  0.260618
-0.381303  0.656412
-0.377439  0.617804
-0.396365  0.582064
-0.380814  0.516344
-0.365628  0.799206
-0.414229  1.604828
-0.398706  0.725497
-0.339348  0.811970
-0.303523  0.697520
-0.242386  0.536251
-0.338591  2.361191
-0.311216  0.786880
-0.290425  0.431433
-0.233067  0.667665
-0.283903  1.005152
-0.286670  0.797638
-0.271773  0.456840
-0.273638  1.058465
-0.340231  0.715533
-0.398170  0.859062
-0.444919  0.419833
-0.380556  0.487591
-0.434695  0.331290
-0.448808  0.241395
-0.468162  0.569910
-0.500570  0.638734
-0.418329  0.472178
-0.336692  0.893163
-0.311363  0.220353
-0.340582  0.889378
-0.266506  0.135971
-0.231983  0.536469
-0.195255  0.606759
-0.260873  1.204362
-0.201258  1.360125
-0.330141  1.415370
-0.350138  0.334111
-0.299490  0.304358
-0.376522  0.330032
-0.435327  0.424828
-0.469706  0.565800
-0.526611  0.519626
-0.501520  0.639356
-0.553628  0.761823
-0.522193  0.322327
-0.569367  0.629852
-0.526668  1.787673
-0.564978  1.060476
-0.517355  1.462614
-0.621382  0.745862
-0.613462  6.152005
-0.644868  0.722157
-0.548648  0.493691
-0.544582  0.824488
-0.447672  0.368924
-0.464310  0.538192
-0.397537  0.241083
-0.501970  0.602005
-0.466961  0.425292
-0.474111  0.578627
-0.427581  1.542338
-0.371093  0.690913
-0.334615  0.469919
-0.350826  0.278825
-0.308209  3.024815
-0.289833  0.298358
-0.293999  0.402535
-0.271741  1.015904
-0.331363  0.322532
-0.322689  1.118002
-0.293680  0.570158
-0.327395  0.678988
-0.245720  0.550374
-0.197042  0.479447
-0.196449  0.569721
-0.171470  0.678820
-0.239860  0.207381
-0.216556  0.670746
-0.209706  1.671059
-0.233571  0.599390
-0.265099  0.262644
-0.317592  0.301836
-0.339682  0.286934
-0.348538  1.061860
-0.420502  0.187198
-0.349816  0.461954
-0.378881  0.151661
-0.334513  1.265167
-0.303677  0.620559
-0.304908  0.267239
-0.244475  0.880633
-0.245242  0.523030
-0.218631  0.448499
-0.203387  0.768905
-0.183722  0.461992
-0.242134  0.704977
