3.170808 2.847798 1.040214 4.735162 6.032930 0.514601 0.746048 1.633690 0.983400 0.832785 3.985344 5.709746 3.216907 3.668054 0.811891 0.372143 2.612515 4.743807 4.706712 2.673662 
2.893750 2.888779 1.025230 4.610296 5.963222 0.307800 0.807577 1.685283 1.034361 0.732808 3.743488 5.677154 3.321595 4.312395 0.725641 0.596173 2.069587 4.301081 2.043765 
2.908698 3.262404 1.025230 4.704942 5.963222 0.884580 0.805201 1.612990 1.084244 0.499538 3.629525 5.686744 3.155331 4.407009 0.895356 0.479365 1.160009 4.668319 0.326095 3.352102 
2.780866 2.524208 0.925663 4.898996 5.963222 0.374412 0.062292 1.659731 1.744998 0.530797 3.629525 5.496125 3.164388 4.616740 0.932759 0.201428 4.463310 
2.931537 2.172891 1.125961 4.859459 5.963222 0.046930 1.656448 1.476023 0.925662 0.107990 3.671996 5.496125 2.968812 4.159875 1.438654 0.708208 4.173254 1.261499 
2.797529 2.182635 1.023851 4.859459 5.963222 0.424028 1.182354 2.024630 0.181406 0.179109 3.642820 5.496125 3.349233 4.253358 0.666125 0.400069 3.678976 
2.830910 3.327464 1.090269 4.768797 5.963222 0.201782 1.880611 2.378191 0.341499 0.232100 3.653282 5.458654 3.183518 2.960081 1.024020 0.100836 1.245622 
2.975637 3.395546 1.088320 4.730845 5.963222 0.172723 2.107105 2.260065 0.963044 0.264766 3.653282 5.672702 3.306302 2.535918 1.148317 0.400644 
2.940452 1.276673 1.164285 5.399520 5.963222 0.056250 2.804856 2.001138 0.458629 0.197706 3.711397 5.879562 3.100169 2.289567 3.558844 5.415032 
3.306848 1.320375 1.284955 4.727653 6.040344 0.006668 2.461678 2.076539 0.313637 0.263515 3.741144 5.425406 3.722655 2.341386 0.232383 4.668256 
2.767662 1.468624 1.224265 4.727653 5.836472 0.084486 4.052468 1.726928 0.406929 0.468331 3.822310 5.754094 3.530018 4.010301 0.305982 5.091520 3.526401 
5.459969 1.220284 1.231902 4.815551 5.869177 0.080162 3.883851 1.490486 0.280207 0.116811 3.925491 5.718478 3.530018 0.835930 0.514210 5.457108 
5.851449 1.416601 1.122261 4.746554 6.005642 0.148643 4.104317 1.435435 0.534084 0.725196 3.989938 5.632241 3.668181 1.245391 0.483094 5.072140 4.782155 2.425262 
5.968826 1.607120 1.122261 4.647903 5.967456 0.529896 4.144393 1.935130 0.107909 0.933843 4.143267 5.524843 3.654709 1.051218 0.757559 4.818028 4.637510 2.245102 3.558103 4.365010 
2.322888 1.692217 1.122261 4.802614 5.981751 0.739637 3.929308 1.935130 0.013097 0.933843 3.909006 5.756129 3.644086 0.788294 0.409703 4.811322 3.480631 1.551096 5.991484 
2.834107 2.069386 1.076998 4.404974 5.803855 0.662890 2.253402 2.294533 0.113009 0.933843 3.993085 5.857256 3.632870 0.434944 0.614794 4.852644 3.227045 0.810439 5.588545 4.225629 1.139366 
2.882150 2.009246 0.913705 3.627695 6.020964 0.838927 2.250699 2.255925 0.031579 0.361229 3.686911 5.748487 3.632870 4.727193 0.967848 4.920880 3.706459 0.181951 5.562972 5.180434 2.727393 1.381496 5.291174 1.317552 
2.927029 2.123094 0.913705 3.379236 6.010896 0.770785 2.013796 1.790827 0.252250 0.438590 3.622303 5.642781 3.632870 3.177422 1.215103 4.780840 3.585094 0.105544 5.485429 1.060401 5.024276 0.941409 3.553715 0.060198 0.071577 3.558999 
2.732887 2.267442 1.218392 3.351643 5.982868 0.770855 2.406776 1.577937 0.908556 0.230406 3.715565 5.881358 3.529742 0.035857 0.994310 4.078095 3.304716 1.510001 5.549379 0.586290 0.556625 0.997426 3.740919 1.123137 5.484216 
2.833609 2.350858 1.674827 3.534936 5.471317 0.546423 2.211444 1.735248 0.507102 0.517612 4.097698 5.812567 3.337216 0.398787 1.719793 4.698833 3.488889 1.414793 5.743377 0.884899 6.036189 0.601869 3.525597 1.371302 5.330148 3.265505 
3.255983 2.856494 1.460048 3.894310 4.825909 0.066101 2.059631 2.071051 0.276171 0.382382 3.686960 0.619662 3.337216 0.398787 1.439838 5.343675 4.553221 1.414793 5.840822 1.447560 5.828338 1.123213 4.014286 3.219698 
3.255983 2.881724 1.476433 3.932778 4.697832 0.272855 2.059631 1.609344 0.491520 0.604437 3.643532 1.012137 3.337216 0.398787 1.486511 5.230716 4.367341 1.414793 5.867201 3.551130 5.828338 1.043008 3.924156 
2.643243 3.510215 1.337386 3.407716 4.711707 0.648248 2.365258 1.510005 0.851584 0.587136 3.348128 4.150766 3.286293 1.194271 1.135218 5.459304 4.268826 5.705366 5.405548 4.474008 2.033598 2.793412 
2.485852 2.884588 1.367554 3.217397 4.438261 0.545606 1.956945 1.941646 0.507223 0.187713 3.348128 4.207448 3.195461 5.952215 0.982524 5.687769 4.194127 5.805792 6.048183 0.170830 0.598469 0.894139 
5.204398 2.773089 0.075521 3.632410 4.129354 0.945264 2.058901 2.186288 0.387957 0.360701 3.363831 4.030544 3.195461 2.414924 1.160412 5.839447 4.969290 5.941009 0.350957 0.093270 3.434252 2.746117 3.133473 
5.336534 3.391124 0.137767 3.542247 2.990435 3.302546 1.967053 2.104956 0.550995 0.271141 3.529231 3.096144 3.360157 2.540303 1.705786 5.637608 5.469651 6.043567 0.999050 0.193373 4.508524 2.109994 2.573083 
5.929159 3.037312 0.343521 3.060993 2.455764 3.432464 1.815937 2.491785 0.666879 0.020696 3.560182 3.363814 3.049713 2.044561 1.603472 5.944566 4.478000 5.951206 3.021245 0.622742 4.310826 
5.051845 3.260198 0.396868 4.310826 2.519005 4.151221 1.402315 2.350783 0.700016 0.053720 3.403633 5.719586 3.247537 2.361539 1.399609 5.917156 4.542011 5.951206 1.567440 0.331763 3.971824 2.167969 1.770097 
3.377458 3.878310 0.071757 4.005730 2.579164 4.294561 1.366759 2.190567 0.211644 0.070342 0.613084 5.462071 3.627493 1.201698 1.692151 5.541597 4.906511 5.876053 1.820717 
3.662174 3.895457 0.590791 4.357713 2.487271 4.519770 1.815742 2.289176 0.094347 0.404422 0.330489 5.300494 3.716076 1.890088 1.223804 5.913393 4.822030 5.741204 6.040429 2.820898 
3.413015 3.385214 3.569993 4.301783 2.496158 4.554244 1.889285 0.570100 0.412983 0.248811 0.122872 5.454538 2.458681 2.118212 1.423193 5.945041 4.434589 5.859981 5.968971 1.826887 
3.041604 2.759689 3.147554 4.485221 2.513058 4.654819 1.889285 0.289563 0.238529 0.501411 0.474207 4.160036 3.035969 1.961017 0.913900 6.015931 4.394871 5.886230 5.953993 2.002595 2.494289 0.736301 2.551063 
2.748781 0.693566 3.151092 4.333912 2.927865 3.696042 1.979904 1.073836 0.115361 0.203957 0.540006 4.538055 2.706828 1.961017 4.529147 3.750357 4.542055 5.886230 5.798790 2.279576 1.990905 3.469278 0.783445 3.429307 
3.739569 1.056386 2.662808 4.874317 3.058019 3.469278 1.989011 1.006008 0.677678 0.570353 0.434991 4.437736 3.479470 2.323740 4.384529 3.220748 4.987783 5.886230 6.008662 2.275877 2.668688 5.978815 3.992409 3.782609 
3.637366 0.618610 2.341112 4.882606 2.839525 3.258998 2.002765 0.046040 0.383154 0.493133 0.284572 4.754295 3.520560 2.326529 4.960582 3.057807 5.147325 5.978418 5.806550 2.141002 2.091487 5.770649 3.017043 5.284941 
4.341232 0.849010 2.695934 4.720340 2.419199 5.871698 1.957414 0.207738 0.023185 0.349802 0.749371 4.776173 3.453690 2.109972 4.817141 2.180885 1.508838 5.837081 5.806550 1.913974 2.165016 
4.211136 0.753817 2.915044 4.522842 2.755484 6.041096 1.938336 0.290466 0.151046 0.692825 0.457499 4.393914 3.283949 2.015182 4.288457 2.651244 2.547714 5.926782 6.055406 1.631015 3.880552 0.186999 4.000531 0.283476 1.735682 
4.611390 0.537887 3.255560 3.987270 3.402800 5.944598 1.566830 0.828653 0.361762 0.692825 0.332333 4.593887 3.450696 2.053012 4.603601 2.573732 1.780063 5.918701 6.055406 1.696863 5.961761 5.651308 1.017044 0.345985 3.908829 
3.078655 0.840555 3.379110 5.130933 3.163777 5.579564 1.642933 1.250102 0.474605 0.808379 0.210333 5.710870 3.470205 1.709598 0.253070 2.501117 1.801251 5.694638 5.956178 1.791617 
1.119060 0.805530 3.021624 4.984916 2.659934 5.684257 1.642933 0.817338 0.224656 0.972554 5.454105 5.562038 3.501041 1.469282 0.223734 4.676550 2.484958 6.057428 4.734774 
1.098700 1.145746 2.465041 0.462732 2.314640 5.334654 1.509069 0.374266 0.373728 0.972554 5.514870 5.591450 3.535827 1.469282 0.574212 4.818848 3.359421 5.835847 5.287627 3.389430 3.477459 
1.958724 1.145746 2.972622 0.292436 4.303371 5.139068 1.353270 0.374266 0.058012 0.331031 5.346667 6.014018 3.382858 1.469282 0.756734 4.174293 3.739017 5.794843 5.149812 3.357318 4.351762 
1.910141 0.943049 2.950761 0.991498 3.950995 4.290708 1.095095 0.116151 0.128878 0.445937 5.330025 5.935904 3.720010 3.315025 0.141083 4.043536 3.465933 5.794843 5.199289 3.017439 1.070265 1.516578 4.443742 
2.087649 1.088827 5.510091 0.928502 1.576576 4.800898 1.104561 0.249826 0.351726 0.056887 5.330025 5.602329 3.736977 3.638652 0.531219 4.699337 3.350945 5.945530 5.018836 3.822469 2.866291 2.015614 
2.243491 0.635810 4.785553 1.055789 1.855396 4.749290 0.860078 0.750494 0.299100 0.463294 5.378857 5.330227 3.834439 3.732364 0.414983 5.195549 1.924217 5.673436 5.215003 5.071979 2.834569 1.089107 
1.635257 0.655802 4.727599 0.929180 1.666546 5.036923 0.977254 0.516039 0.230445 0.341887 5.317663 4.718987 3.358658 3.086278 0.548932 4.814473 1.912722 5.799271 4.821356 3.825158 0.311745 2.393955 
1.329523 0.188783 4.584121 0.929180 2.084593 5.247607 0.977254 1.240364 0.020499 0.363320 4.933213 3.720483 3.256383 3.114715 0.511417 4.366693 1.910626 5.866620 4.536803 3.849456 0.280828 5.638059 1.553318 4.397578 
1.182452 0.160599 4.485996 1.362317 2.342498 5.157857 0.977254 1.032641 0.321216 0.285674 4.591835 5.369852 3.559400 3.011013 0.562525 3.787708 1.380339 5.561678 4.737485 4.348080 0.980420 4.748702 1.831925 2.533349 0.267647 
1.252016 0.730824 3.950705 1.210509 2.043806 5.451678 0.833831 3.145597 0.057905 0.079265 4.611728 0.961622 5.374444 0.009499 0.130701 3.519309 1.193935 5.866757 4.358447 4.431564 1.848506 4.635949 0.893697 2.507784 0.403759 
1.217852 1.147950 4.113891 2.715457 1.721979 4.862095 1.371754 4.623372 4.546646 0.125864 0.083061 4.565141 1.352753 4.470039 0.675449 3.190719 1.398239 5.988488 
1.217852 0.477326 3.995987 5.988488 1.667610 5.131140 1.258370 5.995391 4.571560 0.135265 0.065371 4.240994 1.466512 4.606373 0.327002 3.274900 1.345493 4.092196 0.769497 5.297364 
1.178793 0.658989 3.611731 5.908256 1.887844 5.208852 1.302570 4.622946 3.977090 0.292908 0.348462 4.790355 2.230566 4.471911 0.132322 3.648580 2.692459 2.233560 4.832377 2.342609 5.305722 
0.775502 0.934063 3.237861 5.879291 1.577788 5.486087 1.161193 4.781223 3.887184 0.008381 0.421270 5.047028 1.603722 4.416120 0.747834 4.053000 2.502229 1.825036 3.890553 
1.158814 0.075980 3.812654 5.691743 1.786931 5.633823 1.256818 4.732415 4.056405 0.249731 0.372811 4.842701 1.613342 4.593689 0.352572 4.347304 2.010949 1.947655 2.523824 4.859532 3.313369 
0.314460 0.217918 1.073905 6.005098 1.794634 5.280014 2.043429 2.324827 3.952104 0.017338 0.166281 5.731895 0.435298 4.618790 1.768345 3.422100 2.408086 2.400251 4.238185 2.612162 4.072811 
4.490508 0.269291 1.328581 5.929038 1.500507 5.036427 2.807641 4.009225 4.183150 0.287892 0.297895 5.097359 0.231579 4.782814 2.096856 3.329227 0.537557 2.244603 2.174928 2.587946 
1.367219 0.057027 1.323235 5.987717 1.500507 5.181581 5.044435 4.366566 4.540606 0.260854 0.021808 4.392125 0.052207 5.008464 2.765304 3.615077 0.231256 2.534774 1.822458 
0.801153 0.134398 4.849542 5.763276 1.665849 5.171877 1.822458 4.284962 4.267275 0.283698 0.017815 0.106018 0.026408 5.002180 1.890123 3.451842 0.387884 2.296050 2.941352 
0.918754 0.168797 4.958272 5.643049 1.670963 5.486368 1.822458 4.438902 4.214654 0.338877 0.117256 0.498656 0.405318 5.081530 1.668210 3.564535 0.345990 2.479867 4.459236 5.596506 1.069567 
1.355835 0.393529 5.439183 5.969664 1.485708 5.291063 1.978126 4.098950 4.493356 0.441790 0.081972 0.844455 0.112295 4.815637 1.925094 3.380199 0.773313 3.096742 4.873848 4.556806 
1.229435 0.546801 5.120256 5.883324 1.485708 5.239584 1.872800 4.072142 4.548340 0.381703 0.018349 3.645509 0.071019 4.792928 1.723945 3.819846 0.262503 2.951587 3.163541 4.273199 
1.198422 0.546801 5.198792 6.039133 1.250574 5.003959 1.872800 4.045458 4.427009 0.020499 0.444287 4.401488 0.814038 5.150221 1.685487 0.941265 1.091906 3.015766 3.461704 4.502044 5.450141 5.189963 3.440831 1.631723 0.574715 0.188287 
1.315681 0.546801 4.474439 6.039133 1.509441 5.299578 1.872800 4.264920 4.286501 0.553954 0.088234 4.673063 0.557924 4.620899 2.194469 1.904970 1.139458 3.071652 4.378807 0.084858 5.314088 5.172669 3.785428 5.679409 
1.313097 0.579126 5.195939 5.734855 1.521048 5.090168 2.337876 4.264920 4.577881 0.726084 0.041525 4.388643 0.827469 4.521703 1.995722 5.846474 0.027122 2.648507 4.018388 1.371849 4.406287 
1.446515 1.178791 5.719238 5.715506 1.647812 5.084589 4.247289 3.974390 4.577881 0.806937 0.047687 4.380295 0.712569 4.341917 1.814801 5.816741 0.705066 3.608471 4.269993 2.096405 
1.295659 1.296497 5.732162 5.964620 2.063916 4.740003 2.085046 3.974390 4.436362 0.678935 0.184990 0.506435 4.874141 4.062882 0.213385 2.173984 0.362278 3.931531 3.584068 4.696703 5.655501 4.696240 3.510918 
1.151158 1.357230 5.770786 6.061441 1.969100 4.136852 2.124054 4.062584 4.268542 0.199224 0.372594 0.623629 5.245576 4.062882 0.743833 1.688094 0.149960 3.957679 3.591442 4.523456 6.057677 3.643410 3.570903 
1.105836 1.008108 5.398712 5.576387 2.099946 4.097813 2.099863 4.566206 4.201198 0.009731 0.647018 4.210730 5.144543 4.062882 5.905120 0.131899 4.249857 0.747029 3.595010 1.779548 
1.204794 0.728153 4.963047 5.744029 1.432029 4.097027 2.218017 4.692233 3.639118 0.481221 0.095772 4.795497 5.596129 4.062882 5.511655 0.206817 5.012990 0.877226 3.909259 2.135546 3.027246 1.642123 1.855653 3.519505 
1.144805 1.056803 5.196123 5.773943 0.734580 4.127841 2.588432 4.627029 3.769562 0.205373 0.285201 3.690612 5.984816 4.062882 4.983932 0.315954 4.879907 1.813668 3.688186 5.356162 3.133489 1.506920 
0.820173 1.262945 4.863656 5.822658 1.123143 4.149738 2.410725 4.453512 3.769562 0.289537 0.248824 5.991856 5.781759 4.062882 5.741988 0.054277 2.814845 1.717397 3.553566 0.854210 2.105884 4.334751 3.309810 3.939088 
0.921503 4.086776 1.845527 5.701044 1.254001 4.107167 2.732808 4.637513 3.306290 0.249733 0.381215 5.411882 5.558232 4.062882 4.795356 0.293859 4.759984 1.611392 3.556141 0.972693 2.078205 4.792776 2.832726 4.032843 2.054144 
0.763304 4.324953 3.979816 5.820180 1.504100 4.232381 2.340093 4.953135 2.256888 0.155001 0.662468 5.020370 1.854343 3.905204 4.574007 0.519921 1.696308 4.271826 3.702076 3.153764 2.061488 5.200338 
0.693295 4.417124 4.291803 5.688537 1.382033 4.380402 2.795809 4.691523 2.097805 0.026560 0.356925 4.417852 4.336040 4.081614 5.622587 0.458433 1.437638 3.431018 3.828731 3.239475 2.618172 5.451718 3.245623 
1.298960 5.281919 5.197012 5.688537 1.333095 4.731710 2.654103 4.538280 2.234546 0.408450 0.063503 2.824333 1.837671 4.030944 4.905772 0.719020 1.589719 3.001217 3.933458 3.013348 2.648327 4.516699 0.699986 2.166490 
1.237831 3.089383 0.956441 5.707680 1.524377 4.644104 2.494710 2.198132 0.628901 0.408450 0.275083 2.897906 1.798774 4.081244 5.181476 0.719020 1.424645 2.602969 3.515693 2.430497 3.144842 
1.353595 3.759373 0.166339 5.626426 2.158490 4.763115 2.736618 2.113458 0.594385 0.014270 0.192635 2.741229 2.428284 3.455635 4.735329 0.516455 1.424645 2.856422 3.315690 2.114401 3.286129 3.904186 3.890869 5.184786 2.602234 
1.226555 5.963392 0.210296 5.767814 1.821932 4.912609 3.816195 3.075098 0.577463 0.098246 0.106692 2.482033 5.380825 3.699271 4.771841 0.241363 1.657687 2.141897 3.315224 1.997431 1.938595 3.722601 3.957876 5.006555 2.460211 1.961117 4.967424 5.334506 1.804033 
1.351729 1.860201 0.329669 5.720605 2.315623 4.981559 3.816195 3.514830 0.932154 0.119935 0.009902 2.819562 3.374378 4.299062 4.391268 0.238239 1.595548 1.872844 3.477185 1.734038 2.051414 2.055063 4.007437 5.006555 5.020133 
1.183821 5.538223 1.043812 5.203329 2.114681 4.626398 3.749222 3.181493 0.855021 0.074340 0.392215 5.854541 3.224251 4.408517 3.214736 0.162682 1.378938 2.471185 3.477185 1.835109 1.527770 1.759196 3.987128 5.400629 
1.151077 1.733647 1.156171 4.526981 2.141545 4.631302 3.786758 3.554409 0.852273 0.083955 0.120463 5.855663 5.583427 4.356085 2.014206 0.287616 0.883143 2.221265 3.557770 1.746057 1.615680 1.757900 3.846179 5.747268 4.315096 
1.202891 0.616789 0.383983 4.159865 1.905499 4.528949 3.786758 3.516126 0.791655 0.060056 0.041126 6.005220 5.453370 4.401741 1.934035 0.357872 1.533078 2.606058 3.744493 1.827860 1.547683 4.683704 3.760369 4.652974 4.137444 
1.355641 4.773004 4.091835 4.451915 2.263349 4.593692 2.926131 0.280708 1.110803 0.450369 1.781037 6.005220 5.305295 4.405099 1.656935 0.338464 1.456246 1.885678 3.727121 1.447631 1.500306 4.166503 3.140670 2.008008 4.551560 0.350227 
1.181347 1.722123 4.921830 0.430935 2.334966 4.619892 2.190025 0.547579 0.891468 0.261627 2.287520 6.023925 5.164074 4.373995 2.312834 0.337841 1.296854 1.805612 3.727121 1.866856 1.765384 3.604143 3.207767 
1.181347 1.825092 4.212040 0.591158 3.074903 4.891527 2.162809 0.067541 1.331329 0.199807 5.373208 5.872159 4.814239 4.274411 2.027972 0.028531 1.404974 3.325065 1.395173 1.796888 4.065437 
1.319677 4.305305 3.967001 0.435224 3.019777 4.529427 2.112997 0.017097 1.218967 0.441806 4.093278 5.694129 5.263618 4.006540 1.727120 0.190506 0.679037 5.859240 1.540280 1.521256 0.487770 
1.338639 3.197073 3.826913 0.249893 2.024467 4.529427 1.768513 0.630636 1.645866 0.115172 3.585040 5.794962 4.959784 3.629676 2.197395 0.491973 1.041404 1.430738 5.012476 3.150163 5.422946 0.549502 
1.438752 3.612538 3.939351 0.402730 1.218539 4.763428 1.541091 0.296099 1.645866 1.280438 0.110993 5.689829 5.071946 4.529289 1.982314 0.221015 0.742730 1.855851 4.624757 2.621889 0.709059 
0.852022 3.564890 3.990379 0.819949 1.066245 4.719799 2.440104 0.478011 1.055392 0.030078 2.387561 5.716638 5.177073 4.529289 2.865319 0.432659 1.094099 1.689391 4.369703 5.061647 
1.121741 2.775313 4.027052 0.963474 4.582489 4.951769 2.422086 0.576296 0.951052 0.091686 2.182643 5.823734 4.557886 4.294783 2.965737 0.206516 1.157391 1.886270 4.120144 2.635743 0.196928 5.034593 
1.232270 4.125061 3.885744 1.085010 4.804545 4.767202 2.040014 0.156966 1.846024 0.106700 2.345176 6.052020 4.975801 4.353161 1.852913 0.329510 1.538036 0.614898 
1.089216 3.517989 1.167979 0.407727 0.937135 4.986947 1.820862 0.133059 2.487694 0.106700 2.210321 5.826395 0.426511 4.391087 1.852913 3.797566 5.059169 
1.358761 3.839255 0.613845 5.155863 0.031304 4.986947 1.874818 0.062798 3.477512 0.103657 1.618600 5.919108 0.788324 4.766831 1.925950 5.464744 0.800523 
1.568373 3.878006 0.483740 5.208162 0.126955 5.253859 4.078520 0.126750 3.544261 0.201795 2.112034 5.730436 0.863092 4.550182 2.165501 6.053285 4.237204 1.031696 6.008414 
1.917677 3.517526 0.730586 5.244743 0.122856 5.229263 3.923420 0.261737 4.875056 0.290643 3.357627 5.730436 1.564798 4.795774 2.777296 5.932456 2.254080 4.776593 4.372987 
1.917880 5.204965 0.569308 4.820737 0.018448 5.447813 1.991607 0.214459 5.021619 0.561175 3.501458 5.632080 0.892577 4.795774 3.486487 
1.889584 5.279576 0.280422 5.231785 0.071411 5.248195 2.223918 0.080379 4.262552 0.783376 2.581280 5.727921 0.436161 4.502375 
1.855324 5.209363 0.704729 4.987271 0.322602 5.175782 4.157174 0.587642 4.471915 0.175686 2.611248 5.979933 1.163409 3.846745 0.518936 
1.720476 4.911094 0.810953 4.780044 0.758065 5.143329 4.385967 0.169594 5.971691 0.092873 2.611248 5.979933 1.232066 4.122932 0.697189 3.964439 1.431410 
1.765704 4.922329 0.797706 4.589662 0.783025 5.040671 4.717948 0.168077 5.630758 0.306064 2.461312 5.979933 1.685139 4.863315 0.846131 4.050725 5.488012 
