    71.328120 187256.161862
    72.102258 187254.637561
    72.245015 187258.732273
    67.606410 187261.296001
    66.486917 187257.907916
    69.966114 187250.513708
    66.400824 187249.871360
    62.034194 187247.727670
    68.188352 187249.278233
    62.318717 187252.367889
    67.049750 187234.381849
    63.138302 187248.488495
    69.435663 187247.113471
    73.852493 187252.692785
    69.505532 187248.968358
    75.907887 187244.205889
    82.175566 187258.930286
    87.616897 187253.654813
    84.495874 187257.609126
    85.473443 187265.684202
    80.300574 187264.856008
    80.734826 187265.563565
    77.076575 187254.561462
    72.697809 187271.751928
    79.709187 187251.631214
    86.145619 187258.207249
    79.506214 187252.524183
    81.710995 187262.872224
    70.531175 187255.162471
    71.182261 187249.954788
    74.167535 187251.852754
    79.681667 187257.883122
    85.343350 187259.221991
    86.080481 187262.262608
    81.864961 187252.355534
    78.651130 187254.607960
    85.227034 187268.485665
    84.244696 187261.393513
    71.680920 187248.363484
    74.872328 187250.121960
    75.243198 187261.816771
    76.081718 187255.301799
    81.343678 187251.688206
    80.590097 187261.228657
    78.035956 187249.981406
    81.071581 187255.458240
    84.914708 187253.773770
    84.332054 187247.400111
    81.891095 187254.903920
    70.043837 187259.022920
    76.986064 187260.244614
    76.248749 187259.119976
    72.050897 187251.534705
    74.123890 187254.505713
    74.538291 187258.909046
    74.884539 187247.767410
    68.695080 187250.847911
    74.980028 187258.739193
    78.126427 187263.002353
    72.816258 187260.827556
    78.657301 187253.412867
    81.955099 187261.751106
    82.101073 187257.507726
    80.407666 187254.786899
    71.761049 187265.243640
    77.650951 187262.242529
    80.238387 187258.594274
    75.011320 187263.795647
    84.467760 187256.570452
    73.841400 187250.783460
    83.885059 187256.666137
    86.218564 187259.194211
    80.589167 187246.956679
    70.918315 187244.063336
    73.943916 187251.726140
    80.227897 187257.316256
    87.338646 187260.213953
    89.478947 187265.980936
    87.346676 187263.865583
    84.021810 187259.592789
    85.445774 187272.330951
    88.612221 187260.589968
    80.829526 187265.123505
    79.760796 187253.807940
    79.602682 187245.089029
    78.626932 187247.163107
    77.407829 187260.306968
    79.291937 187250.955623
    78.112378 187247.643368
    81.792676 187254.403828
    68.453911 187245.117476
    69.155086 187251.043253
    70.541519 187241.874556
    68.020438 187249.199528
    71.856620 187243.882382
    64.703783 187243.597130
    62.860634 187249.923183
    66.011372 187252.503325
    66.271324 187253.897341
    70.572573 187239.933759
