1.143955 1.037169 1.052119 1.163999 0.907273 1.132422 1.104325 1.203595 1.123490 0.949538 1.109804 1.002355 1.197990 1.206502 1.001515 0.810504 1.180176 1.164311 1.058118 1.143345 
1.134629 1.082568 1.044596 1.123770 0.895282 1.143729 1.094971 1.213787 1.123490 0.934739 1.133296 1.012173 1.172558 1.192883 0.985055 0.806359 1.204679 1.152910 1.030695 
1.127965 1.031122 1.064766 1.156735 0.907781 1.155286 1.096598 1.202514 1.142276 0.974605 1.131393 1.036416 1.218780 1.192308 1.021876 0.820905 1.151621 1.171050 0.928365 1.174635 
1.146406 1.043023 1.068136 1.167594 0.894990 1.137239 1.094928 1.203231 1.174822 0.955965 1.122853 1.045950 1.257036 1.219873 1.009448 0.839570 1.163041 
1.156742 1.062475 1.058609 1.154019 0.910083 1.153912 1.124359 1.218962 1.235244 0.962550 1.134808 1.046057 1.245283 1.219873 1.003417 0.820958 1.168297 1.120269 
1.131907 1.058194 1.088349 1.150716 0.905503 1.151280 1.101430 1.202940 1.251457 0.935429 1.141184 1.065124 1.247491 1.197716 1.000422 0.815951 1.165457 
1.136679 1.163059 1.074697 1.167853 0.915448 1.151096 1.075882 1.200095 1.194283 0.940400 1.126880 1.030304 1.210105 1.062226 1.008824 0.815042 1.094055 
1.148542 1.163958 1.058985 1.166213 0.930245 1.130065 1.115074 1.198357 1.136212 0.928934 1.121433 1.021526 1.224104 1.046902 0.994980 0.829090 
1.112565 0.992287 1.046389 1.166624 0.905924 1.126560 1.089072 1.184751 0.823126 0.932035 1.112989 1.028034 1.217087 1.053800 1.049930 1.153729 
1.137250 0.975384 1.041288 1.160795 0.900763 1.131273 1.041701 1.180452 0.797783 0.932005 1.107194 1.020653 1.182212 1.064169 1.098435 1.039252 
1.142073 1.010451 1.040709 1.156978 0.889397 1.127558 1.025628 1.187344 0.812758 0.962447 1.099931 0.982694 1.227179 1.140165 1.089619 1.014883 1.125141 
1.129935 1.027753 1.073260 1.171473 0.896448 1.135574 1.138973 1.182883 0.819513 0.933766 1.116598 1.013906 1.180392 1.145050 1.075255 1.025132 
1.142304 1.008524 1.047835 1.171473 0.872098 1.127344 1.104912 1.186261 0.803586 0.947596 1.095774 1.008758 1.209647 1.141279 1.059440 1.015291 1.155737 1.135735 
1.162659 1.035572 1.056476 1.152157 0.904020 1.122865 1.131408 1.195395 0.806735 0.923077 1.090155 1.007177 1.256050 1.092477 0.993781 1.031506 1.161462 1.151556 1.185163 1.147834 
1.149155 1.034531 1.053204 1.167073 0.906127 1.132198 1.078665 1.190128 0.829777 0.955981 1.117702 0.993844 1.224297 1.113527 0.994006 1.025673 1.159726 1.077513 1.146925 
1.126745 1.022953 1.015613 1.160404 0.901221 1.102172 1.069692 1.182294 0.803423 0.941317 1.125468 0.969263 1.256728 1.120116 0.977946 1.042522 1.155485 1.079938 1.159905 1.112496 1.008502 
1.146777 1.057654 1.034285 1.191304 0.912409 1.135576 1.111868 1.194827 0.807162 0.956300 1.123622 1.019436 1.251791 0.990587 1.011555 1.074245 1.126946 1.084735 1.173821 1.111047 1.179168 1.218795 1.180149 1.058060 
1.119311 1.064287 1.031584 1.187701 0.895933 1.129041 1.136905 1.186738 0.819673 0.929753 1.100952 1.006769 1.179085 1.201686 0.969520 1.047799 1.071113 1.109548 1.105458 1.197944 1.176506 1.235356 1.166518 0.940837 1.070606 1.193139 
1.137665 1.022671 1.024067 1.201690 0.914766 1.133074 1.123882 1.208004 0.820789 0.944967 1.127681 0.992613 1.234322 1.052203 0.972328 1.077261 1.089748 1.144334 1.168460 1.188827 1.125342 1.159208 1.166185 0.898919 1.050946 
1.139024 1.035270 1.051642 1.203716 0.917989 1.146393 1.121059 1.213158 0.815575 0.987222 1.139017 1.016800 1.239190 1.115612 1.030703 1.050354 1.143710 1.128061 1.161100 1.076373 0.911357 1.174749 1.180628 0.939472 1.038644 1.069609 
1.137582 1.029032 1.042767 1.212629 1.049531 1.136050 1.117261 1.210921 0.812599 0.924844 1.118150 0.996159 1.213354 1.087638 1.021089 0.993044 1.171346 1.149774 1.163902 1.067939 0.915331 1.142884 1.173892 1.160820 
1.148886 1.064226 1.045162 1.204327 1.073581 1.123180 1.111900 1.196625 0.829548 0.955437 1.094129 0.994563 1.251136 1.092374 1.014208 1.012685 1.154367 1.143355 1.163267 1.156439 0.911655 1.144500 1.052391 
1.140766 1.037368 1.017572 1.196934 1.054637 1.134223 1.117730 1.192529 0.803304 0.950327 1.111071 1.165628 1.213095 1.094483 0.993296 0.994709 1.124178 0.889188 1.162487 1.140845 1.129344 1.063234 
1.138614 1.034053 1.035968 1.192440 1.035387 1.064905 1.102927 1.193067 0.805597 1.129180 1.102922 1.158179 1.206648 1.172219 1.002694 0.993406 1.135569 0.897505 1.136716 0.917816 1.121162 0.980290 
1.154760 1.029408 1.072486 1.176510 1.014316 0.924475 1.065497 1.196592 0.798814 1.116272 1.082058 1.145986 1.138550 1.143214 1.009105 0.995794 1.111855 0.903338 1.128201 0.917107 1.104328 1.078346 1.230319 
1.155052 1.020713 1.096812 1.192390 1.083268 1.148642 1.068105 1.203385 0.804780 1.128348 1.111178 1.155935 1.159917 1.134357 1.004471 0.944299 1.033482 0.903489 1.152036 0.935158 1.152001 1.080906 1.194394 
1.189384 1.036011 1.090245 1.204609 1.184969 1.165328 1.042315 1.200767 0.795352 1.124738 1.113416 1.159955 1.182134 1.116654 1.025214 0.955634 1.039861 0.911435 1.112863 0.910256 1.133831 
1.186228 1.051735 1.092444 1.122238 1.195228 1.183668 1.051037 1.200645 0.808318 1.143371 1.106847 1.138175 1.155888 1.144099 1.014455 0.970959 1.053101 0.904916 1.155071 0.944336 1.160499 1.036237 1.170326 
1.173389 1.055387 1.081615 1.136267 1.180786 1.186718 1.066118 1.214217 0.814464 1.129194 0.913854 1.136892 1.160446 1.140879 1.019742 0.995580 1.027904 0.927137 1.162703 
1.187713 1.054426 1.137024 1.161854 1.212128 1.205727 1.053212 1.222884 0.833059 1.151662 0.966873 1.154812 1.157414 1.147910 1.025573 0.990942 1.061321 0.933169 1.149191 1.169654 
1.194415 1.093246 1.152585 1.172122 1.226079 1.231418 1.096794 1.127018 0.844472 1.168710 0.942227 1.176912 1.186942 1.168569 1.062713 1.009746 1.085195 0.937205 1.200215 1.215949 
1.188052 1.075387 1.151711 1.163338 1.202660 1.206700 1.062343 1.097210 0.824292 1.150726 0.952297 1.123768 1.189611 1.149889 1.146236 1.026560 1.068780 0.932296 1.087606 1.223199 1.076158 0.987141 1.161242 
1.174625 0.995455 1.111694 1.169384 1.202186 1.226322 1.071032 1.110456 0.820994 1.144347 0.931076 1.069165 1.166772 1.144981 1.191501 1.194669 1.016442 0.923248 1.015992 1.211711 1.046113 1.143324 1.125018 1.047357 
1.170528 0.983441 1.206171 1.134369 1.208297 1.105303 1.063364 1.083453 0.820128 1.133343 0.914141 1.064991 1.154678 1.139517 1.192942 1.036711 1.008422 0.900693 0.974864 1.218986 1.018516 1.152852 1.017105 1.074300 
1.164015 1.019883 1.176090 1.106717 1.192777 1.129424 1.059257 1.087936 0.819696 1.148174 0.936547 1.035855 1.174971 1.145767 1.222245 1.079734 0.990920 0.908698 1.024676 1.218180 1.065270 1.114532 1.128702 1.173028 
1.181258 0.998197 1.177940 1.163702 1.193367 1.154103 1.079567 1.083230 0.809939 1.128526 0.941476 1.028585 1.113917 1.139688 1.205217 1.044982 1.042988 0.911299 0.950424 1.223906 1.144191 
1.173572 1.009505 1.205697 1.127064 1.208864 1.167359 1.065579 1.080826 0.811669 1.142165 1.104394 1.073191 1.111910 1.166642 1.209398 1.031832 1.062336 0.907625 1.011928 1.220081 1.164489 1.117831 1.241280 0.932683 1.191837 
1.185888 1.008170 1.203284 1.180306 1.222555 1.169829 1.080813 1.084721 0.817110 1.181231 1.036987 1.050517 1.110571 1.119642 1.193518 1.057920 1.075773 0.925308 0.980941 1.224375 1.185960 1.167940 1.159776 0.959848 1.164057 
1.185088 1.019128 1.181086 1.039783 1.203714 1.178119 1.069630 1.140499 0.836648 1.150068 1.099385 1.115152 1.122683 1.153899 0.963274 1.068679 1.055363 0.919025 1.001401 1.225793 
1.207874 1.006957 1.180182 1.056236 1.210325 1.173660 1.077916 1.125119 0.801545 1.151520 1.045979 1.142995 1.124138 1.114039 0.950118 1.192761 1.062179 0.926035 1.164523 
1.205966 1.038576 1.185131 1.030547 1.216787 1.052407 1.060976 1.121216 0.830542 1.150660 0.991393 1.133331 1.127496 1.137233 0.955776 1.184790 1.065378 0.931151 1.137881 1.199076 1.224170 
1.232449 1.022723 1.191565 1.086932 1.175705 1.047872 1.086776 1.093743 0.832320 1.131346 1.005836 1.104741 1.153841 1.139700 0.949948 1.209638 1.063258 0.929262 1.144774 1.223340 1.185325 
1.217436 0.993154 1.150113 1.118079 1.168761 1.069805 1.078975 1.101658 0.814385 1.150941 1.035385 1.106659 1.172441 1.216154 0.970317 1.214934 1.057653 0.910734 1.156521 1.217218 1.143610 1.078631 1.177035 
1.097422 1.017204 1.067662 1.251546 1.211888 1.070056 1.051249 1.105088 0.823808 1.150704 1.021980 1.094957 1.120779 1.202136 0.926436 1.201566 1.054959 0.906798 1.152780 1.182688 1.203393 1.177699 
1.072468 1.004757 1.038162 1.134956 1.188319 1.096642 1.062607 1.084494 0.824904 1.169620 1.011670 1.129373 1.126767 1.203447 0.941200 1.168617 1.177429 0.898663 1.144180 1.169865 1.194342 1.184607 
1.046752 0.985815 1.054351 1.150599 1.208105 1.124548 1.041261 1.098817 0.824571 1.160047 1.022540 1.104752 1.113245 1.220217 0.934616 1.203510 1.166003 0.918091 1.140364 1.205971 1.017432 1.193867 
1.041977 1.137127 1.104422 1.115261 1.208105 1.037703 1.051728 1.066446 0.815136 1.147302 1.029268 1.138863 1.119275 1.223163 0.928885 1.183138 1.186666 0.906622 1.145330 1.164041 0.942602 1.179781 1.150750 1.066211 
1.015439 1.133790 1.059747 1.119384 1.206642 1.056925 1.052915 1.013461 0.795294 1.154650 1.184198 1.101525 1.139562 1.196652 0.928426 1.220833 1.109657 0.927448 1.158209 1.108794 1.063924 1.205910 1.183443 1.131030 0.942519 
1.028523 1.144277 1.048193 1.093810 1.200622 1.048728 1.060313 1.057638 0.817687 1.144314 1.184198 1.044284 1.112731 1.156718 0.953199 1.215696 1.092643 0.927644 1.181757 1.100481 1.198202 1.196623 1.043837 1.184670 0.824568 
0.998038 1.075585 1.041369 1.194859 1.198124 1.035738 1.049950 1.135716 1.091230 1.145340 0.834745 1.169963 1.095898 1.147854 0.914536 1.198742 1.176260 0.912186 
1.009651 1.082648 1.049764 0.892975 1.176431 1.003059 1.050879 1.152859 1.132067 1.134933 0.809431 1.160722 1.131575 1.117880 0.962351 1.201792 1.161164 1.159859 1.129889 1.170241 
1.007217 1.069566 1.018915 0.917665 1.192990 1.023199 1.042623 1.158881 1.125642 1.129854 0.801861 1.162520 1.106229 1.143763 0.911740 1.200770 1.047028 1.176928 1.068537 1.194234 1.158459 
1.023734 1.073973 1.026698 0.902294 1.199566 1.016405 1.053165 1.051740 1.122748 1.149371 0.831234 1.181382 1.187065 1.172075 0.932777 1.220863 1.052833 1.203714 1.159362 
1.065924 1.100975 1.154345 0.924799 1.206444 1.047394 1.066979 1.061124 1.120958 1.150699 0.833904 1.195522 1.165246 1.132885 0.968068 1.246973 1.060169 1.140307 1.253290 1.186436 1.073080 
0.979345 1.106446 1.081710 0.928609 1.210108 1.050304 1.164262 1.234280 1.125467 1.150549 0.804863 1.180473 0.932091 1.150279 1.016882 1.219316 1.079102 1.161089 1.109217 1.049843 1.187788 
1.129426 1.105503 1.070563 0.896440 1.210342 1.051359 1.213707 1.182063 1.102415 1.139629 0.804402 1.184190 0.956469 1.148755 1.027161 1.215319 0.979240 1.095592 1.221732 1.203455 
1.054894 1.082631 1.057712 0.910964 1.201251 1.024267 1.154221 1.195749 1.117441 1.134863 0.833391 1.177490 0.923124 1.134384 1.069500 1.184548 0.981259 1.103521 1.133869 
1.047829 1.077506 1.126547 0.917108 1.197739 1.005990 1.145113 1.196260 1.077392 1.135319 0.832244 1.063071 0.937988 1.156681 1.128482 1.175879 0.998102 1.051731 1.033666 
1.078156 1.069311 1.124482 0.919286 1.222510 1.044771 1.161338 1.207263 1.139902 1.144083 0.816232 1.099076 0.921271 1.164444 1.118481 1.203975 1.032462 1.067211 1.181892 1.132062 1.122445 
1.064544 1.050240 1.142415 0.912366 1.225039 1.041509 1.168893 1.211042 1.136735 1.161933 0.821565 1.105784 0.921385 1.168636 1.112995 1.217161 1.050299 1.061156 1.163546 1.216578 
1.067095 1.062493 1.127464 0.914314 1.222583 1.094188 1.190970 1.248768 1.126317 1.167009 0.797633 1.184874 0.928469 1.167025 1.140890 1.210515 1.113595 1.059056 1.184653 1.184333 
1.063967 1.055021 1.169126 0.941563 1.242933 1.089633 1.198922 1.232952 1.130014 1.178963 0.809951 1.198010 0.997239 1.168793 1.143052 1.032333 1.171215 1.074571 1.177435 1.200517 1.042555 1.053524 1.232971 1.178675 0.953326 1.164004 
1.068121 1.060259 1.217697 0.942983 1.248134 1.107770 1.158881 1.252804 1.150471 1.163694 0.810577 1.209912 0.971133 1.181756 1.167006 1.217849 1.083378 1.062691 1.204039 1.145537 1.053414 1.062016 1.249864 0.939913 
1.087381 1.071933 1.133576 0.956895 1.238925 1.077479 1.173802 1.221625 1.142044 1.178234 0.865643 1.209912 0.947027 1.183559 1.148725 0.858796 1.132837 1.065317 1.251021 1.239086 1.257004 
1.091952 1.046549 1.117453 0.955136 1.247707 1.079203 1.095363 1.243823 1.150604 1.185417 0.850840 1.205351 0.974013 1.189319 1.176745 0.839547 1.122422 1.108711 1.239036 1.193197 
1.084688 1.040239 1.148733 0.925657 1.250650 1.041919 1.179225 1.240771 1.117697 1.167735 0.836013 1.081890 1.136589 1.179109 0.972060 1.164376 1.153727 1.052494 1.230931 1.197820 0.810552 1.098415 1.115478 
1.097572 1.044845 1.173383 0.924600 1.232569 1.024379 1.219739 1.239087 1.144778 1.173933 0.804568 1.122696 1.094492 1.172479 0.976950 1.164943 1.140599 1.095213 1.231245 1.195560 0.796016 1.224519 1.184577 
1.072916 1.057695 1.143446 0.944034 1.252645 1.053717 1.202672 1.252136 1.170951 1.175218 0.848431 1.215793 1.115760 1.177996 0.801620 0.985484 1.108948 1.146441 1.248111 1.141370 
1.086030 1.069652 1.147292 0.938720 1.234707 1.067734 1.255038 1.225513 1.180250 1.175061 0.816855 1.213120 1.105772 1.197799 0.851490 0.972210 1.093507 1.183774 1.242261 1.154915 1.201009 1.226574 1.251514 1.123790 
1.091507 1.060846 1.179463 0.932352 1.250803 1.075442 1.254307 1.246567 1.134292 1.165659 0.866482 1.174041 1.148009 1.178726 0.881208 0.931484 1.132834 1.160584 1.222869 1.203533 1.220689 1.157399 
1.054177 1.067186 1.113659 0.937875 1.239715 1.065638 1.256709 1.211368 1.142236 1.166539 0.831888 1.171892 1.136007 1.170134 0.810138 0.962624 1.143947 1.220518 1.247296 1.140441 1.162929 1.071549 1.214796 1.158825 
1.071593 1.124686 1.021860 0.920039 1.233573 1.077348 1.245551 1.200917 1.152436 1.177424 0.833969 1.135400 1.159326 1.172825 0.794888 0.940144 1.204771 1.194487 1.251728 1.132594 1.145967 1.073189 1.182112 1.225286 1.130945 
1.080957 1.142437 1.215823 0.917493 1.253171 1.054678 1.257954 1.255591 1.156577 1.168898 0.818418 1.170494 1.167374 1.147416 0.859766 0.915029 1.058445 1.062999 1.234245 1.169095 1.135495 1.059787 
1.072973 1.113637 1.199393 0.940296 1.239532 1.064312 1.218267 1.253569 1.134561 1.153455 0.808936 1.152288 1.030884 1.156659 0.883304 0.960399 1.054931 0.976197 1.232501 1.190407 1.086566 1.079305 1.202838 
1.080439 1.144554 1.190941 0.936948 1.238447 1.053089 1.250173 1.188718 1.133520 1.147646 0.802897 1.057030 1.142496 1.151799 1.107867 0.924063 1.036276 0.955922 1.244303 1.181112 1.161789 1.159450 1.002775 1.174738 
1.075704 1.209224 1.110211 0.923355 1.236923 1.057469 1.208138 1.176239 1.224918 1.167936 0.824645 1.075724 1.151402 1.174743 1.134799 0.936644 1.028543 0.837138 1.224929 1.131581 1.175999 
1.083542 1.193292 1.100690 0.948689 1.242288 1.053841 1.237551 1.134349 1.234773 1.167110 0.840298 1.072763 1.140803 1.175718 1.164980 0.995832 1.056327 0.817794 1.234655 1.101620 1.199714 1.114522 1.159051 1.123286 1.178445 
1.057034 1.151073 1.112122 0.935147 1.213250 1.050105 1.258632 1.155023 1.171511 1.151197 0.819240 1.104283 1.201870 1.160543 1.183748 0.971282 1.042980 0.918999 1.227738 1.079519 1.228395 1.140764 1.151936 1.098716 1.162285 1.173831 1.103486 1.201514 1.190005 
1.070826 1.144564 1.089916 0.925925 1.150988 1.037092 1.258632 1.156625 1.223178 1.147375 0.835913 1.095881 1.203347 1.176860 1.149264 0.960399 1.053980 0.893620 1.227200 1.054796 1.237532 1.184165 1.120847 1.110533 1.118829 
1.043653 1.182836 1.094959 1.075241 1.166283 1.013509 1.255431 1.166471 1.250686 1.152647 0.824212 0.919825 1.196175 1.167305 1.079125 0.969327 1.025529 0.968031 1.204222 1.178331 1.236756 1.154974 1.135977 1.119458 
1.091993 1.070001 1.121217 1.209213 1.139713 1.046503 1.239027 1.163324 1.167000 1.178752 0.858902 0.928676 1.122465 1.165115 1.092381 0.957218 1.027102 0.961422 1.233876 1.166159 1.247591 1.217368 1.146740 1.148394 1.147932 
1.081823 1.137221 1.106813 1.212816 1.178387 1.080984 1.203780 1.183104 1.146706 1.172389 0.824359 0.940681 1.107875 1.188433 1.152845 0.953946 1.061024 1.039833 1.233942 1.176631 1.240284 1.107233 1.161662 1.242625 1.156286 
1.092030 1.109401 1.187278 1.206897 1.183998 1.080984 1.239534 0.831627 1.150388 1.170287 1.194336 0.930226 1.109661 1.173249 1.207776 0.980846 1.066095 1.037114 1.240441 1.136671 1.239280 1.204102 1.106771 1.224454 1.190521 1.105295 
1.082923 1.164915 1.194479 1.142629 1.219089 1.049836 1.239513 0.801656 1.198979 1.171977 1.190416 0.922076 1.095136 1.180805 1.058403 0.938774 1.028601 1.031780 1.231120 0.987697 1.245782 1.193632 1.125390 
1.086747 1.183098 1.183896 1.097979 1.234168 1.055036 1.230899 0.852707 1.179244 1.178054 1.191156 0.939411 1.081571 1.207951 1.068486 0.967031 1.018768 1.154063 1.230490 1.089280 1.143717 
1.072848 1.198197 1.197075 1.109758 1.237766 1.076722 1.194822 0.826892 1.151725 1.172777 1.145102 0.913180 1.094606 1.207951 1.064143 0.930918 1.050050 1.207079 1.219250 1.173756 1.156972 
1.090967 1.204429 1.196973 1.182862 1.240694 1.058714 1.204027 0.833158 1.154825 1.160644 1.156576 0.945887 1.113127 1.216019 1.064319 0.955897 1.023742 1.234880 1.128987 1.242741 1.245967 1.096772 
1.076492 1.139804 1.211105 1.131437 1.078432 1.050372 1.255897 0.796863 1.144473 1.180102 1.145798 0.927328 1.100526 1.191301 1.062260 0.963214 1.022352 1.215047 1.158298 1.191438 1.050315 
1.075388 1.159051 1.231498 1.140077 1.068936 1.046246 1.225464 0.816043 1.139814 1.159180 1.191493 0.920958 1.113314 1.187214 1.081522 0.952989 1.009112 1.211897 1.093234 1.147227 
1.077280 1.152521 1.210037 1.084689 1.169139 1.058360 1.186414 0.803720 1.120947 1.148668 1.216614 0.924103 1.148711 1.171409 1.053801 0.945450 1.047519 1.212919 1.101079 1.163482 0.970977 1.117470 
1.078054 1.154207 1.159096 1.083557 1.134479 1.020398 1.173245 0.818768 1.074230 1.137286 1.245686 0.916087 1.121928 1.186694 1.207151 0.911661 0.985343 1.116216 
1.061745 1.129694 1.000278 1.078970 0.967890 1.042619 1.140145 0.818358 1.058340 1.139563 1.248240 0.915847 1.057952 1.164011 1.202986 1.104097 1.139836 
1.072322 1.109963 0.988759 1.122779 0.951839 1.016008 1.137489 0.795175 1.038860 1.117497 1.208236 0.897794 1.075015 1.163330 1.182443 1.158100 1.135575 
1.054339 1.116655 1.000340 1.212610 0.961476 1.023536 1.162922 0.802961 1.047780 1.141102 1.170560 0.897924 1.114689 1.167214 1.200545 1.133684 1.157723 1.033078 1.091442 
1.072158 1.146503 1.016378 1.203014 0.927108 1.038776 1.162559 0.826298 1.105253 1.151344 1.172688 0.920843 1.133897 1.175158 1.209985 1.122225 1.198554 1.173541 1.101458 
1.053335 1.096900 1.018391 1.164399 0.963283 1.054202 1.201160 0.822108 1.120945 1.142311 1.201479 0.908732 1.114140 1.147083 1.161265 
1.056149 1.115019 0.991756 1.172986 0.923529 1.024264 1.162924 0.805433 1.121386 1.137883 1.198209 0.907527 1.120293 1.162084 
1.055326 1.108393 0.995494 1.193312 0.954605 1.023683 1.164611 0.815380 1.128366 1.120972 1.194205 0.907933 1.136743 1.156634 1.105165 
1.035289 1.109417 0.994826 1.185760 0.939854 1.001399 1.159511 0.795551 1.106242 1.129402 1.189997 0.896003 1.139348 1.089774 1.086509 1.147871 1.130832 
1.034783 1.084574 1.009847 1.229390 0.938021 1.005381 1.156539 0.808875 1.086474 1.116021 1.177662 0.895713 1.102646 1.033115 1.070758 1.128774 0.949279 
