2.526837 5.652084 7.013238 7.703770 6.132674 10.313766 1.971994 9.454261 6.589083 6.830384 4.298984 6.622469 2.737405 8.822886 4.910586 4.818788 9.215761 11.135142 0.126672 1.982183 
2.537236 5.132772 7.171586 7.991271 6.153006 10.401919 2.315529 9.429315 6.467395 6.757007 3.914741 6.334994 3.396381 8.429403 5.149158 5.163258 0.182963 10.979537 5.169670 
2.078912 5.094448 7.171586 8.271271 6.153006 10.287739 1.927894 9.651946 6.546833 6.771836 4.000082 6.231101 2.950204 8.625777 4.554565 5.190825 1.765771 10.856351 6.123009 11.188551 
1.971002 5.747827 7.094957 8.174793 6.153006 10.041995 1.776828 9.726411 6.264462 6.749725 4.000082 6.401356 3.287655 8.680415 5.477364 5.706446 11.105007 
2.860648 5.549610 7.212301 7.648975 6.153006 10.929932 0.612781 9.343766 6.283856 6.706374 4.230490 6.401356 2.927193 8.712693 5.711530 5.844230 10.887456 6.485561 
2.492514 5.502190 7.312806 7.648975 6.153006 10.873040 6.765459 9.653472 6.160145 6.392144 3.949113 6.401356 3.442348 8.435207 5.821093 5.873260 10.446870 
1.869045 11.442254 7.103809 7.696021 6.153006 11.254892 5.778028 9.021903 6.330085 6.578108 3.926801 6.349086 3.202961 5.272079 5.925819 6.051109 1.773613 
2.222042 10.977778 7.289586 8.292777 6.153006 11.314237 1.450848 9.286671 6.143616 6.712314 3.926801 6.243590 3.080612 6.132886 6.017049 6.364715 
2.334395 5.926025 7.452253 8.493209 6.153006 10.855189 3.707914 9.386964 6.170717 6.444632 4.288641 6.171277 2.743554 6.083026 4.746456 9.468225 
2.186234 6.201040 7.458269 8.262960 6.255619 10.680883 5.936738 9.237568 6.195580 6.338698 3.956869 7.099047 3.307670 6.253922 1.388899 5.612615 
2.075544 5.413289 7.034611 8.262960 6.606409 10.085625 5.643037 9.288929 6.092207 6.312788 3.868513 6.878611 2.780945 0.725380 1.510654 6.398816 4.112256 
8.271714 5.594104 7.043788 8.535897 6.451379 10.276168 0.819159 9.636356 5.553056 6.536315 3.502809 6.896102 2.780945 0.992500 1.309711 6.559055 
9.149312 5.300420 6.846261 8.058147 6.539682 10.371498 0.001447 9.651612 5.721828 6.478674 3.814360 7.347760 3.243443 1.823499 1.999023 6.716914 10.029993 2.864874 
8.973115 5.180163 6.846261 8.093170 6.339754 10.681532 0.705063 9.948426 4.186100 6.617807 3.730703 7.268495 3.006288 1.994917 4.676042 6.555230 10.069071 2.413195 9.969077 10.841503 
2.083770 5.235593 6.846261 7.773649 6.579604 10.980327 0.556022 9.948426 4.867526 6.617807 3.848319 7.087299 2.903537 0.760671 4.510959 6.365128 11.114964 2.174475 8.461110 
2.548368 5.378050 6.825034 7.298327 6.484638 11.307973 5.710949 9.824400 4.484828 6.617807 4.052227 7.668579 3.331879 1.485238 4.389305 6.205933 10.554161 2.295468 8.150297 0.012713 6.343732 
1.716915 5.347388 6.572271 8.033332 6.378900 11.161044 6.946014 10.122059 5.514307 6.258412 3.505961 7.642023 3.331879 7.387227 5.656721 5.985962 7.384060 1.370597 7.947359 0.394485 11.150449 0.738310 9.021607 5.666913 
1.182581 5.244068 6.572271 7.793595 6.240406 10.952603 6.922993 10.099909 5.440546 6.353558 3.758776 6.858374 3.331879 3.417019 5.407211 6.206478 7.079938 1.094655 8.112006 6.315078 8.380443 0.129189 10.962931 0.146450 1.755954 7.935850 
1.537463 5.311475 6.660966 7.911394 6.469628 10.571732 6.969483 10.063996 5.671753 6.261483 3.686313 6.954928 3.143114 2.548551 5.608794 6.608319 7.344070 1.357746 7.282322 6.145860 1.926659 0.542438 10.357208 0.084430 6.504412 
2.015332 5.717842 6.855238 7.770669 6.381030 10.771731 6.942131 10.009684 5.733950 5.962864 4.038400 7.414191 3.046243 1.224889 5.260014 6.226713 7.131086 1.154083 7.919476 5.983639 6.319648 0.803136 9.736172 0.871424 6.711455 6.463972 
2.855288 6.706645 6.933818 8.264415 6.261548 11.116684 6.869574 9.834368 5.759585 5.974381 3.902448 0.925988 3.046243 1.224889 5.523910 6.649318 7.651872 1.154083 8.592957 6.214181 6.291153 0.521890 10.049586 11.081544 
2.855288 6.795954 6.878019 8.197708 6.395023 10.642624 6.869574 9.732918 5.878505 6.126297 3.603641 0.674549 3.046243 1.224889 5.405123 7.098178 7.561921 1.154083 8.413617 11.302352 6.291153 0.096526 5.947553 
2.299861 6.448386 6.697346 7.617170 6.501702 10.631059 7.071197 10.045191 5.786867 6.226142 3.858899 10.671574 3.294756 1.751045 5.609269 6.752025 7.188312 6.502764 9.029719 9.198302 0.274948 5.998569 
2.359575 6.258291 6.860067 8.011466 6.225432 2.180796 7.072046 9.519813 5.447547 11.024742 3.858899 9.776395 3.477521 8.791607 5.440009 6.847759 7.377360 6.589767 9.563818 6.013838 0.901140 6.076128 
8.864545 6.620055 1.452615 8.261373 6.234443 5.735959 7.242771 10.029894 5.436956 10.779781 4.135578 11.302522 3.477521 6.608041 5.295668 7.158662 8.305943 6.724416 0.940659 5.851084 7.463823 6.083218 7.351791 
8.288399 6.577904 1.920664 8.400168 5.523019 0.401789 7.233547 9.182270 5.740730 11.055155 3.994202 11.274651 3.108928 5.948187 5.281699 6.879853 6.698867 6.685422 1.501221 5.892818 7.166567 0.913134 8.579202 
9.614465 6.670450 1.972492 9.736964 8.052171 9.333485 7.086317 9.535925 5.841964 11.437978 4.063533 10.787715 3.413466 6.226699 5.575813 6.708222 6.825884 6.648973 0.699081 6.097329 6.986650 
8.778530 6.118332 2.387909 6.986650 7.996732 8.727603 6.967539 9.563001 5.921073 11.457927 4.345104 7.981852 2.812425 6.388101 5.187893 6.706243 6.739251 6.648973 1.579523 6.245069 10.114534 5.209809 10.847148 
11.029128 6.945024 2.739459 7.725747 8.587009 8.289217 7.099187 9.451400 5.081327 10.664957 6.313481 7.865071 3.361796 6.029695 4.901641 7.140983 6.764292 6.665825 2.502704 
11.231112 6.195786 1.988124 6.894639 8.544139 9.014970 7.193654 9.744239 5.669833 11.180764 5.836809 8.031906 3.041118 6.496349 5.406670 7.467616 6.816129 6.703844 7.128920 3.103277 
11.294273 6.570578 3.845985 7.440958 8.835927 8.524094 7.322421 2.808341 5.574431 11.367022 5.760002 8.259697 2.812362 6.499361 5.368505 7.347905 6.406897 6.497408 6.971589 11.062342 
10.942995 5.346709 4.090804 7.662154 8.703604 8.448178 7.322421 2.692929 5.381346 11.314500 5.553801 5.696368 3.160955 6.519197 0.541477 6.695859 6.413345 6.456440 6.620813 11.072153 6.068227 5.461094 0.418534 
10.852369 5.228089 3.900406 7.554358 8.769249 7.956309 6.925171 2.363383 5.274966 11.125695 5.554321 5.871016 2.933685 6.519197 8.535192 9.476936 7.130366 6.456440 6.641785 10.590373 5.904721 4.377348 0.810708 6.012359 
10.613798 5.034182 2.820643 7.539169 8.730845 4.377348 6.836936 2.272157 5.231336 11.319276 5.468743 6.120428 2.121187 6.363904 8.504428 6.278929 7.056738 6.456440 6.712367 10.513788 5.128384 8.596664 6.303946 5.553625 
10.730652 4.645645 2.580390 7.282250 8.544293 4.352852 7.165697 4.177219 4.620027 11.220138 5.655518 6.749470 2.001906 6.642419 8.575727 6.618383 6.956492 6.825831 7.296297 10.616242 4.854800 8.169687 4.532690 8.771798 
10.697967 4.736692 3.098571 6.971140 8.273805 8.390006 7.216949 4.004378 4.100833 10.633472 5.704548 6.875915 5.136769 6.473454 9.400709 7.129827 5.636037 6.842815 7.296297 10.057071 1.077305 
10.472829 4.682211 2.938325 7.352989 7.765221 8.557797 7.323469 3.466535 4.087793 10.745252 5.086460 6.696466 4.563617 6.104975 9.048432 6.172951 5.271179 6.879820 7.368414 9.756753 0.860098 2.217511 0.232697 6.019766 1.550552 
10.383346 4.401944 2.697387 7.170813 8.184280 8.379420 6.845105 2.747247 4.178815 10.745252 5.368650 6.690932 4.544053 6.071604 9.099944 6.887441 5.918601 6.655709 7.368414 9.987359 0.200828 10.054038 2.203290 5.791716 0.602329 
10.780510 4.605236 2.920280 6.794106 7.682127 8.350838 7.025690 2.694539 4.175255 10.518870 5.734017 0.416976 4.634944 6.699055 6.110164 6.650146 5.519577 6.841771 6.982839 9.576863 
10.333307 4.453341 3.094581 6.652809 8.759379 8.528390 7.025690 2.715551 4.962517 10.702598 7.705392 0.105844 4.200758 6.417535 6.117515 8.906948 4.759347 6.620091 7.609307 
10.566027 5.149024 1.772457 5.045747 8.371141 6.592151 6.962216 3.337380 5.019094 10.702598 6.895386 0.435693 4.442178 6.417535 6.185292 9.982875 5.595814 6.476452 7.330358 3.056829 8.563631 
9.443019 5.149024 1.966981 4.991551 11.448608 6.594853 6.718421 3.337380 4.875630 10.861470 7.166542 0.537934 3.761832 6.417535 6.328870 9.414485 5.738700 6.476469 7.403717 3.020166 10.768120 
9.739522 5.140871 2.368545 5.330829 11.129784 5.566350 7.263720 3.384062 4.622569 10.420640 7.193644 0.627113 3.810531 2.828507 6.511054 9.555007 6.246559 6.476469 7.449690 8.309763 2.182946 5.820639 11.380335 
6.038872 4.777325 6.786958 6.040385 9.108399 5.143143 7.237006 3.251270 4.820826 10.342559 7.193644 0.150613 4.058048 3.199656 6.659134 8.599701 6.170341 5.877652 7.785072 9.978745 9.482938 2.892633 
5.849282 4.720524 6.091804 6.431507 8.628550 4.556662 7.105737 3.282169 4.092079 10.914034 7.166467 0.045150 3.936857 3.237182 6.566684 10.378544 2.496082 5.687042 7.500077 8.811545 9.772313 6.404163 
4.202086 4.049576 6.384340 6.756978 8.837488 5.024825 6.917589 3.432325 4.896620 10.553242 7.197302 0.918448 4.088286 3.478132 6.553374 8.343219 3.022193 5.594413 7.654379 2.623766 4.854428 11.464181 
4.155817 2.675032 4.502511 6.756978 9.877275 5.573906 6.917589 3.245605 4.883006 10.840692 7.243693 4.519087 3.615083 3.474924 6.495675 8.192973 3.360385 5.689781 7.694667 2.641434 3.825438 9.584097 0.434055 6.369693 
4.361427 1.984875 6.386118 6.814961 9.556466 6.347317 6.917589 5.097302 3.786120 10.785386 9.544714 0.607588 3.598917 3.203859 6.476834 8.586805 3.865076 5.987464 7.671354 4.942305 5.290867 2.728319 3.016322 4.188514 5.753966 
4.097241 3.125853 6.554585 6.251803 9.516373 6.532818 6.816155 5.616649 3.791434 10.931456 9.091769 5.438287 1.207762 0.783388 6.537842 8.254426 3.361085 6.071634 7.296979 4.491717 3.292100 2.181893 5.104707 8.773731 4.460983 
4.891470 3.309187 6.179315 8.215093 9.435970 6.747394 7.107470 2.089904 4.694033 10.893548 4.203931 9.997976 6.508320 7.230286 6.245673 8.357438 2.574438 5.996652 
4.891470 3.476723 6.041575 5.996652 9.079523 6.721266 7.124048 9.712937 5.170324 10.239253 5.077616 1.680086 6.500767 7.377913 6.235327 8.775555 2.729588 9.941424 1.887581 8.875867 
4.628375 3.492643 6.167973 5.964624 9.488274 6.972822 6.778934 10.622894 4.354287 10.246892 5.709525 9.178873 6.346643 7.435149 6.019668 9.012618 5.482810 2.435403 5.482320 9.586300 0.815953 
5.265636 3.444560 5.348445 6.032529 9.592252 6.911216 6.637141 5.452170 4.578826 10.388307 5.235125 9.132928 6.210179 7.691070 6.405325 7.899593 5.687850 3.215339 1.857574 
4.886644 3.039547 2.241874 6.258915 9.286157 6.741646 6.666158 6.281106 4.598457 10.699684 5.668871 8.602358 6.200870 7.349643 6.242900 8.124536 5.670076 2.862067 3.123446 9.479780 5.760163 
3.976477 3.292133 6.900039 6.363514 9.195561 6.880288 2.489287 3.081992 4.844003 10.115852 4.159268 8.904588 6.321606 7.764006 4.984737 7.874095 5.476793 2.752538 0.548020 7.484823 2.148417 
0.976114 3.142531 6.996243 5.903817 9.409383 6.731530 2.404373 2.110220 4.701537 10.055055 3.929333 10.101674 6.191573 7.300857 5.212294 8.141679 3.938284 6.878941 8.946332 1.897350 
6.182337 3.404015 6.458227 6.106480 9.409383 6.854920 0.965657 2.220195 4.216870 9.875305 4.189542 9.548085 5.968839 7.447369 6.682255 8.700100 3.806990 6.630043 1.939721 
6.596507 4.046467 1.414936 6.226161 9.869752 6.689374 1.939721 2.064913 4.619178 10.177270 4.310675 0.746887 6.355464 7.781214 6.854077 8.882380 4.411613 6.809240 5.569451 
7.258652 4.149441 1.557488 6.222233 9.684641 6.357323 1.939721 2.370298 4.418469 10.798399 4.723281 0.084833 6.700567 7.994591 6.994829 9.224923 4.654580 5.829709 10.156367 11.138577 0.165342 
7.419948 4.427439 1.126310 5.732095 9.993769 6.466395 1.916360 2.812245 4.341589 10.611733 4.985006 0.074301 6.009411 7.833720 7.501245 8.357482 5.670818 6.182657 11.014552 10.287164 
6.941339 4.704726 1.055680 6.030095 9.993769 6.412553 1.922245 2.856779 4.213486 10.527895 4.950380 10.159441 6.187183 7.565149 7.096007 9.068610 0.191955 6.281993 1.723186 9.340148 
6.904484 4.704726 1.427253 5.670346 9.984258 5.846415 1.922245 2.792284 4.353273 10.407099 4.867173 10.255804 6.484778 7.564975 7.078686 0.136337 0.657800 6.547246 1.777185 9.529715 6.952347 0.233937 8.432085 0.597134 5.922114 1.177458 
7.079444 4.704726 8.737299 5.670346 9.939608 5.618212 1.922245 2.485751 3.981580 10.104951 4.484731 10.466647 6.533503 8.302518 7.077241 0.043405 0.077385 6.583821 2.603386 1.779765 6.059019 0.396367 8.601929 0.430454 
6.744559 4.721822 1.427730 5.748588 10.085167 6.456259 1.959404 2.485751 4.302945 10.342104 4.399536 10.014016 6.238121 8.182512 6.941039 1.178693 2.503427 6.459184 8.696533 1.770553 9.633568 
7.036768 4.900833 1.097855 5.707358 10.021319 6.207048 5.316873 2.802738 4.302945 10.660813 4.784213 10.172231 6.071477 7.860981 7.193587 0.442164 3.161770 5.861306 7.941347 2.684837 
7.248568 4.808758 0.703880 5.235944 9.717403 6.509518 2.734823 2.802738 4.409843 10.743888 3.747128 3.554635 4.421351 7.366480 6.135952 7.429552 3.066698 6.621887 7.944992 11.173374 0.094631 5.731727 5.107887 
7.133281 4.665125 1.280401 5.246006 9.827987 7.215812 2.555613 2.884515 3.871089 10.956214 4.022197 3.166383 4.625971 7.366480 6.660258 7.088231 3.005436 6.258288 8.339164 10.630592 0.177965 0.509593 1.588983 
7.195069 4.484347 1.055222 5.026276 9.362554 7.036079 2.723751 2.876546 3.694232 11.246654 4.086738 9.630951 4.751007 7.366480 0.954723 6.599730 5.295774 3.330852 8.113225 7.534116 
7.679223 4.718270 1.758471 4.995142 9.606839 7.146385 3.273059 2.449283 4.283200 9.800441 4.876207 10.959996 4.396437 7.366480 1.357586 6.843869 5.024601 3.109540 7.730153 7.621542 2.210752 7.434965 9.170234 0.397889 
7.445148 4.565659 1.650690 4.894451 9.631128 7.025146 3.530785 2.368891 4.280138 9.966999 5.528869 0.821364 3.977661 7.366480 0.375197 6.476673 4.765923 2.647656 8.097647 10.020906 2.221351 7.343151 
7.772316 4.466057 1.385630 4.766315 9.269081 6.947373 3.466725 2.757598 4.280138 9.928409 5.504479 1.502750 4.267773 7.366480 0.743962 6.847424 1.178414 2.270841 8.311252 2.161164 7.756511 5.073225 9.261801 1.615147 
7.307032 1.113472 4.583455 5.328507 9.212489 6.994147 3.458557 2.041830 4.046822 10.006312 5.812872 1.138178 3.362116 7.366480 0.129240 6.663676 10.443825 2.296631 8.257394 2.719870 7.479535 5.645601 2.395497 2.320631 0.467689 
7.138425 0.752790 9.519020 5.260885 9.683489 6.730127 3.483222 2.592771 4.038216 10.228993 6.163598 3.098942 2.223490 7.507629 0.311352 6.848622 4.249047 0.459699 8.202831 2.191544 7.385730 5.259971 
6.942983 0.493952 9.188234 5.248841 9.226703 6.249107 3.111710 2.708028 3.703917 10.335481 6.011388 3.377502 0.052271 7.782043 5.286022 6.694083 4.115050 0.494444 8.332237 1.383839 6.947980 5.163979 10.264241 
7.390696 0.489065 9.702213 5.248841 9.220257 6.010721 2.755809 2.499729 3.477617 9.941893 5.674955 6.660997 7.217838 7.444608 4.575752 6.351669 5.049359 0.029223 8.229039 0.526416 2.079185 4.837810 5.920305 3.734534 
7.189056 11.236487 3.326936 5.219528 9.795027 6.020334 2.599087 3.489770 5.969302 9.941893 4.149502 6.975836 7.133186 7.343167 4.515747 6.351669 4.258544 0.431991 8.120294 0.991774 1.819773 
7.121495 10.712906 3.835638 5.108890 9.717428 5.784909 2.610912 3.041524 6.486463 10.522746 4.195368 7.270303 7.286083 7.694476 4.187186 6.532049 4.258544 0.289349 8.093523 0.437692 2.227886 0.232101 4.630568 4.763863 7.761775 
7.292093 10.410332 3.619034 5.313719 9.891501 6.032494 2.916654 1.541405 6.431450 10.366449 3.994723 7.276662 11.373765 7.488388 4.366662 6.325742 3.857560 0.024138 8.054493 0.070960 8.978813 0.993160 3.626076 4.531729 7.951608 3.373751 5.627818 9.671735 2.246632 
7.236835 0.213894 3.718973 5.512911 8.185217 5.965397 2.916654 1.548984 6.268989 10.268392 5.459768 5.929034 11.442826 7.548274 3.817138 6.316211 4.351821 0.122787 8.231236 0.065126 9.413422 3.317738 3.582806 4.531729 0.054976 
7.827640 10.841979 3.478886 0.115816 8.342569 6.621089 3.453186 1.748796 5.596929 10.694300 4.492456 5.195210 11.181256 7.679205 6.795617 6.103565 4.654145 0.775939 8.231236 1.029353 8.847478 3.053816 3.893554 4.773230 
7.605261 4.930128 3.241513 9.481303 8.183470 6.963720 2.977032 1.798170 6.135273 10.355252 4.695318 5.217438 5.105136 7.871848 7.818938 6.488978 5.000274 0.094739 8.230436 0.690184 9.157036 3.689461 3.999915 0.990511 0.839733 
7.647240 2.270264 2.862310 9.590598 8.583064 6.774533 2.977032 2.451855 6.060601 10.326875 4.374056 5.224288 5.004138 7.810251 2.810837 6.420650 4.724597 0.123931 8.673435 0.801234 9.099050 0.697019 4.037214 0.138419 0.724640 
7.388733 0.979960 2.255711 8.961879 8.401964 6.428635 9.925914 5.772170 5.812953 10.434254 2.105731 5.224288 4.981219 8.275571 1.773917 6.499066 4.975519 0.298412 8.418285 0.717368 9.374013 10.453066 5.205672 3.795306 3.938241 3.160898 
7.843667 0.880268 2.369213 2.704995 8.700632 6.412007 3.993524 5.704197 5.811430 10.281125 2.265255 5.510661 5.098870 8.148250 4.904657 6.178373 5.087138 0.040686 8.418285 0.572734 9.100300 10.110927 4.971770 
7.843667 1.640615 2.444055 3.445352 9.864712 6.339508 3.353357 5.337453 5.731352 10.285387 9.691987 5.721452 4.726568 8.662490 4.896252 6.218762 4.779621 4.394351 8.831288 0.152013 2.062539 
7.575764 10.756740 2.297351 3.381810 9.935748 6.126218 3.159574 4.731435 5.543509 10.576291 3.880017 5.339225 4.932215 8.605097 5.147845 6.525693 4.993187 10.493622 8.922531 2.138211 10.994402 
7.623674 10.598478 2.181053 2.761745 10.151374 6.126218 3.292952 4.033357 5.475755 10.221206 4.345841 5.380101 4.741084 8.606621 5.337075 6.117973 4.457782 8.917301 1.041769 3.278526 1.752314 3.747656 
7.305678 4.641580 2.282071 1.846037 3.074943 5.951045 3.584311 4.845925 5.475755 11.185294 11.058418 5.341893 4.802093 8.710350 5.272279 6.528680 4.610419 8.768746 1.163682 2.537958 6.371376 
7.021161 4.528221 2.198155 2.860331 2.920039 5.986960 3.410417 4.512793 6.217687 10.328613 2.424749 5.343757 5.487715 8.710350 5.350259 6.594083 4.691003 9.454484 0.822193 4.105275 
7.731984 4.128260 1.625883 2.774377 10.873912 5.670397 3.121520 4.651022 5.797837 10.331814 1.446897 5.341407 4.345263 8.981112 5.014347 6.497748 4.601800 9.074744 1.039201 1.993509 6.182395 5.237978 
7.551409 3.927034 2.743552 2.807674 5.340622 5.742793 2.365385 5.935278 5.198825 10.245778 3.218514 5.205012 4.467757 9.003159 9.060072 6.242530 5.215231 0.603930 
6.960800 3.991842 4.400711 2.895246 6.810505 5.864479 2.430864 5.022363 5.283549 10.245778 3.576697 5.362576 2.978252 8.973823 9.060072 5.033540 2.811923 
6.966295 4.472542 4.531341 3.642451 6.287074 5.864479 2.138475 4.564655 4.970934 10.789478 3.223393 5.522396 3.314751 8.895703 9.178677 11.037027 0.093310 
6.649402 4.478427 5.039177 2.722614 5.725614 5.699379 10.734003 4.937414 4.927645 10.625660 2.985645 5.522573 2.902466 9.005461 9.367622 2.834999 0.512890 5.738280 3.615402 
6.508743 3.603409 5.037325 2.540799 5.412887 5.750558 10.322924 5.296187 0.959056 10.895092 2.710086 5.522573 2.346655 8.804650 9.449769 3.023753 9.744785 3.016491 0.625042 
6.369096 3.573746 5.116296 2.305745 5.421145 5.654139 10.143716 5.073456 0.635763 11.053736 8.938111 5.543291 2.180050 8.804650 10.883745 
6.245496 3.777978 4.461830 2.698694 5.392565 5.737256 10.738003 4.325166 0.478712 11.235030 9.594290 5.510013 2.840799 9.161062 
6.164177 3.559150 4.902061 2.982782 5.206000 5.780182 9.207018 4.942545 0.639169 11.210007 9.335791 5.537333 2.140752 10.851447 3.153236 
6.275742 4.084024 4.921023 2.936117 5.565270 6.284227 7.570710 4.006395 1.811001 11.145999 9.335791 5.537333 2.140072 4.777269 2.253518 10.800102 1.142326 
6.319023 4.021984 4.705644 2.856212 5.620550 6.348139 8.575052 4.536780 1.532499 10.964236 9.568523 5.537333 1.976799 5.337116 3.301883 10.753622 5.729909 
