1.406250 0.351190 0.910818 0.710420 0.418366 1.005778 
1.323617 0.429299 0.943674 0.750995 0.319235 0.817790 
1.270847 0.447615 0.985461 0.622399 0.234752 0.807026 
1.221970 0.816973 1.242183 0.954159 0.528518 1.005025 
1.837039 0.331275 1.002760 0.768142 0.279642 1.218864 
1.340578 0.777358 1.177460 1.057957 0.669315 0.942602 0.800336 
1.864273 0.206014 0.700053 0.545853 0.020581 1.198314 0.484948 
1.242326 0.377884 0.784682 0.530570 0.211672 1.011573 
0.411529 1.664858 0.873165 0.761618 0.012310 1.075347 
0.259813 1.313510 0.641112 0.503246 0.337296 0.503266 
0.322113 1.554710 0.675392 0.359680 0.149582 1.071068 
0.124235 1.014990 0.471922 0.263206 0.113203 0.461865 
0.264443 1.766904 0.655107 0.179290 0.170834 0.990259 
0.221851 0.992599 0.806886 0.403886 0.172241 0.283750 
0.307120 1.166287 0.707333 0.427359 0.119266 0.404921 
0.503951 1.174205 0.600065 0.544762 0.004616 0.857555 0.074371 
0.441590 1.585312 0.930774 0.847296 0.117300 0.640789 
0.406757 1.919650 0.719650 0.399770 0.453097 1.081239 0.157158 0.380480 
0.522179 1.552424 0.877677 0.776415 0.307888 0.567803 0.473140 0.636341 
1.013689 1.598371 1.675538 1.346111 1.051143 1.472165 
0.384328 0.743398 1.253544 1.021458 0.210258 0.657712 0.228901 
0.235058 1.220816 0.859435 0.730104 0.118330 0.790247 
0.568137 1.196580 0.848778 0.766511 0.555699 0.950392 
0.705447 1.557760 1.157916 1.067782 0.275695 0.673682 0.510250 0.772056 
0.189612 1.361655 1.276317 1.163074 0.044762 0.928571 1.409471 
0.328612 1.798388 0.902774 0.951646 0.173330 0.916723 1.537598 0.810303 
0.452350 0.921672 1.008924 0.858334 0.468999 0.722154 
0.348761 1.317812 0.943230 0.778639 0.168634 0.813900 0.389203 
0.503632 1.235887 1.151282 0.896256 0.459160 0.766171 0.578383 0.101137 
0.261015 1.761118 1.049085 0.908860 0.065661 1.012776 
0.787871 1.311599 1.238621 1.120556 0.531733 0.839637 0.709917 1.641849 
0.462577 1.428169 0.998422 0.801244 0.714727 0.799236 
0.405860 1.758763 1.191293 1.101360 0.094730 0.830620 0.683851 1.025308 
0.238645 1.564403 1.261633 1.059701 0.235645 0.720821 0.833131 
0.796736 1.153847 1.331025 1.031276 0.085248 0.479636 0.951900 0.931189 
0.301494 1.614463 0.948072 0.879373 0.253077 0.973248 
0.343100 1.009021 0.996630 0.836239 0.069389 0.487387 0.085771 
0.432363 1.433513 1.039271 0.875790 0.053803 1.125610 0.200820 0.581326 
0.194183 0.801271 0.798918 0.782350 0.204528 0.570593 0.121319 
0.071980 1.038261 0.946507 0.892222 0.338759 0.757794 
0.366637 1.431896 0.836833 0.787235 0.450525 1.085333 
0.007152 1.326635 0.761100 0.578805 0.103560 0.528598 
0.152102 1.748642 0.930023 0.794568 0.272178 0.623128 
0.276413 1.457036 0.975946 0.657071 0.410540 0.747773 
0.103302 1.353160 1.045395 0.832353 0.248013 0.932343 0.067154 
0.243182 1.677492 1.341430 1.142606 0.555868 0.938423 
0.166428 1.363008 0.918678 0.840637 0.086535 0.986992 0.458056 0.006520 
0.010973 0.326904 1.067524 0.937353 0.879567 0.574561 
0.055807 0.471979 1.315874 1.187945 1.350001 0.718192 0.265188 
0.524874 0.489545 1.235200 1.190125 1.002587 0.868001 0.315375 
0.285185 0.597889 1.059121 1.044832 0.988410 0.651831 1.321294 
0.227859 0.342723 1.398699 1.101298 1.510270 1.085896 2.406632 0.978203 
0.594833 0.766008 0.773631 0.756964 1.635955 1.034323 0.384449 0.965713 
0.188421 0.093523 0.998174 0.862405 0.951784 0.652373 
0.231362 0.683058 1.297202 1.024729 1.561098 0.800421 0.102733 
0.531651 0.480799 1.263818 1.061531 1.394012 0.684140 
0.170849 0.306885 0.948476 0.778711 1.457901 0.833760 
0.411271 0.526433 1.109870 1.039083 1.360320 0.888631 1.498969 
0.254151 0.376506 1.147947 1.107414 1.509846 0.621968 
0.347127 0.378722 1.180327 1.155226 1.921125 0.929323 
0.038747 0.101140 1.092260 1.083765 0.535207 0.169834 
0.049503 0.416639 1.202320 1.085418 0.558856 0.444968 
0.044787 0.094689 1.122505 1.069675 1.769249 0.804238 0.690809 0.477318 
0.410873 0.496655 1.051046 0.935426 1.176512 0.782678 
0.132165 0.288688 0.870638 0.654711 1.109272 0.297682 0.491460 
0.053379 0.380313 1.090244 0.953505 0.827894 0.529246 
0.268066 0.650569 1.232154 1.057161 1.586504 0.772421 1.981969 
0.022347 0.107737 0.726304 0.669074 0.948944 0.430106 
0.071754 0.049928 1.045570 0.739437 1.063139 0.735284 
0.088635 0.518468 0.824944 0.603041 1.612351 0.754215 
0.282874 0.051395 0.487914 0.075989 1.872192 1.080711 0.362689 
0.568529 0.250210 0.810202 0.696509 1.073334 0.511758 0.123405 
0.149935 0.147707 0.689153 0.540524 1.680447 0.736591 0.551543 
0.149710 0.299420 0.863186 0.517422 1.440328 0.758315 0.112203 
0.294350 0.286195 0.714510 0.585547 1.709742 1.098758 0.428525 
0.203904 0.027789 0.676339 0.424553 1.528461 0.572968 
0.157127 0.062182 0.677799 0.538109 1.119848 0.270752 0.011294 
0.321327 0.142038 0.694029 0.552646 1.195529 0.419814 
0.693102 0.344854 1.144955 1.025057 1.632284 0.938236 
0.399034 0.122291 1.223943 0.929917 1.713646 1.037231 0.481484 
0.387846 0.155839 0.973830 0.681836 0.941352 0.496460 
0.417076 0.157550 1.259321 0.955596 0.925773 0.626509 1.321071 
0.439022 0.136686 0.823517 0.692642 0.786442 0.550818 
0.054090 0.122811 0.438636 0.357177 0.859593 0.155554 
0.262412 0.258943 0.830207 0.382060 1.935056 1.271427 
0.539413 0.335950 1.207237 0.987597 0.759446 0.673137 0.174700 0.789570 
0.748668 0.351024 1.279205 0.988258 1.877286 1.040665 0.300165 
0.614114 0.259965 1.009802 0.892201 1.097999 0.976203 
0.723774 0.782944 1.364343 1.035226 1.854893 1.107272 
1.087808 0.499843 1.320460 1.452830 1.961741 1.778509 0.170108 0.442099 1.495068 
0.588256 0.366392 0.944938 0.968850 1.825429 1.255727 
0.537959 0.003816 0.639715 0.932088 0.918566 1.082846 1.570906 0.415886 
0.266111 0.098586 1.230906 0.126646 1.428614 0.619901 0.109590 
0.143973 0.064239 0.839508 0.314795 1.433507 0.358488 0.322213 
0.508410 0.003160 0.827662 0.532072 1.347831 0.670752 0.337747 
0.224414 0.057241 0.178068 0.335059 0.372480 0.495310 
0.453926 0.025201 0.773953 0.711049 1.746969 0.786079 0.122646 0.566306 
0.365216 0.199628 0.438327 0.437234 1.151166 0.724349 
0.183704 0.053067 0.443268 0.273161 0.868123 0.538778 0.456944 
0.528121 0.210269 0.866496 0.222349 1.246588 
