0.000000 0.046821
0.000000 0.055115
0.000000 0.041284
0.000000 0.104942
0.000000 0.040655
0.000000 0.093439
0.000000 0.052099
0.000000 0.047702
0.000000 0.119560
0.000000 0.052134
0.000000 0.057019
0.000000 0.049272
0.000000 0.053395
0.000000 0.047883
0.000000 0.057176
0.000000 0.046725
0.000000 0.040560
0.000000 0.049471
0.000000 0.047143
0.000000 0.038168
0.000000 0.034654
0.000000 0.051469
0.000000 0.042456
0.000000 0.030835
0.000000 0.041035
0.000000 0.088649
0.000000 0.079512
0.000000 0.069196
0.000000 0.044962
0.000000 0.042537
0.000000 0.048256
0.000000 0.045781
0.000000 0.068624
0.000000 0.072010
0.000000 0.041974
0.000000 0.064452
0.000000 0.044216
0.000000 0.046387
0.000000 0.045257
0.000000 0.132987
0.000000 0.043711
0.000000 0.045633
0.000000 0.049496
0.000000 0.062537
0.000000 0.048096
0.000000 0.074267
0.000000 0.054209
0.000000 0.045283
0.000000 0.036077
0.000000 0.069412
0.000000 0.139929
0.000000 0.061216
0.000000 0.080823
0.000000 0.044251
0.000000 0.070793
0.000000 0.069667
0.000000 0.039791
0.000000 0.109793
0.000000 0.059115
0.000000 0.046741
0.000000 0.108578
0.000000 0.030586
0.000000 0.044463
0.000000 0.105036
0.000000 0.050135
0.000000 0.037194
0.000000 0.043676
0.000000 0.056137
0.000000 0.095852
0.000000 0.032411
0.000000 0.051555
0.000000 0.061678
0.000000 0.059378
0.000000 0.024936
0.000000 0.023545
0.000000 0.098295
0.000000 0.055710
0.000000 0.030262
0.000000 0.055656
0.000000 0.052663
0.000000 0.048545
0.000000 0.066219
0.000000 0.031526
0.000000 0.043619
0.000000 0.068406
0.000000 0.058990
0.000000 0.047208
0.000000 0.098676
0.000000 0.110483
0.000000 0.062265
0.000000 0.056577
0.000000 0.088335
0.000000 0.088598
0.000000 0.031726
0.000000 0.060508
0.000000 0.083710
0.000000 0.082738
0.000000 0.127469
0.000000 0.050447
0.000000 0.112107
