10.562641 5.083896 1.793516 4.427146 5.499120 6.388779 
10.236128 4.848387 1.920985 4.467799 5.008541 6.684457 
11.108713 4.802103 1.649489 4.167496 5.207566 5.894013 
10.605229 5.340402 1.554711 4.584161 5.422217 6.140897 
10.087577 4.793846 1.808080 4.356250 5.072673 6.969834 
10.952406 4.914394 2.189533 4.070971 5.129386 5.935652 0.864753 
10.680876 4.635010 2.439030 3.723998 5.012558 6.161857 3.376757 
9.902006 5.303661 1.726393 4.295870 5.347435 6.798675 
4.827738 10.521736 1.867134 4.406865 5.114940 6.567259 
5.107745 11.318072 2.378800 3.982936 5.673907 6.061764 
4.583817 10.536088 1.638045 4.496104 4.948026 6.610727 
4.481023 10.858778 1.715342 4.296237 5.875819 6.457257 
4.726551 11.054388 1.639950 4.544918 5.253167 5.982930 
4.945277 10.970754 1.416820 4.400497 5.931650 6.035004 
5.014673 11.259228 1.465287 4.556842 5.232522 6.002062 
5.731054 10.511589 2.585405 3.708522 5.533606 6.385499 4.901339 
5.033470 11.182507 2.254538 4.029507 5.525259 6.100648 
5.082068 10.544808 1.233251 4.834509 5.387360 6.711989 0.666898 0.721866 
4.638828 11.155607 2.167416 4.229966 5.756254 6.174238 5.112262 1.608341 
5.035247 10.370762 1.619925 4.698371 5.387550 6.254475 
4.817719 9.969444 2.077810 4.138188 5.626049 6.672278 0.817050 
4.793506 10.383743 2.416308 3.564823 5.420693 6.902696 
5.341809 10.460088 2.328409 3.908483 5.517048 6.366299 
4.851096 11.318252 2.453995 3.817407 5.338563 5.622190 1.827866 0.593318 
4.999390 10.167895 2.312223 4.135014 5.209356 7.038243 1.700941 
4.606428 10.834460 2.619851 4.166795 5.145616 6.337268 0.404737 3.597515 
5.248586 10.833532 2.147201 4.193597 5.652476 5.989331 
4.616774 10.736317 2.301836 3.604889 5.064544 6.210019 0.130884 
5.103155 10.988790 1.858856 4.281491 5.608846 6.066460 5.228938 0.471673 
5.113929 10.710724 2.061421 4.263598 5.241529 6.459528 
4.848259 10.878933 2.259900 4.181521 5.687423 6.211809 4.248754 11.121175 
4.877687 11.000713 1.826113 4.339971 5.769347 5.996524 
4.885682 11.337796 2.277639 4.162579 5.263232 5.818356 1.937751 1.071569 
5.192579 11.307772 2.139532 4.207013 5.198132 5.548748 4.730410 
5.196122 10.973300 1.589780 4.653576 5.838342 6.470704 1.161282 5.581112 
5.290316 11.107707 2.786418 3.616291 5.334722 6.036908 
4.762109 10.517741 2.055137 4.115094 5.855886 6.588689 1.401119 
4.879256 9.735861 2.067662 4.353270 4.919940 7.093246 4.843824 1.145343 
5.031569 10.396292 3.000230 3.266116 5.488994 6.367685 5.673908 
5.158879 10.395228 2.138022 4.205372 4.741683 6.383266 
5.342689 10.537789 2.084098 4.337532 4.745762 6.472315 
5.702086 10.744812 2.246992 3.895784 4.733577 6.542931 
5.431728 11.411340 2.035188 4.157168 4.852060 5.829563 
5.396430 10.906241 1.674373 4.250024 4.924762 6.494508 
5.369766 10.524901 2.052330 4.023690 5.321563 6.496332 0.161350 
5.387846 10.695355 2.117321 4.316607 4.920418 6.367868 
5.259867 10.182894 2.346580 4.004206 4.668755 6.747632 5.124002 4.846689 
5.716979 5.010204 2.489532 3.809097 10.913820 6.024398 
5.265962 4.960102 2.370065 3.764895 11.163229 5.736589 1.477215 
5.473411 5.221019 2.582872 3.753520 10.238705 6.406218 1.091854 
5.328512 4.762828 2.776617 3.630652 11.137770 5.743123 0.762665 
5.129077 5.052607 1.778577 4.250334 9.993073 6.814812 0.045284 1.046744 
5.023705 5.134500 2.941719 3.095371 10.731332 6.157928 4.257186 5.430382 
5.521729 4.960950 2.219531 3.984468 10.303828 6.654364 
5.270055 4.631326 1.973631 4.170396 10.832991 6.162675 1.216453 
5.706094 5.080749 2.136439 4.040157 10.853537 6.113369 
5.111705 4.850608 2.023318 4.324901 10.538464 6.616519 
5.553876 5.469805 2.302160 4.055833 10.476948 6.480939 1.323942 
5.849644 5.077870 2.505426 3.825789 10.849149 6.431286 
5.399442 4.908847 3.048365 3.389406 11.043139 6.192612 
5.425444 4.876852 3.061443 3.238618 11.387100 5.515672 
5.526096 4.752184 2.570110 3.580419 10.865888 5.820409 
5.318743 5.082153 2.614115 3.730991 11.116538 5.981020 1.661001 4.789935 
5.763088 5.425912 2.346358 3.835888 10.399162 6.385502 
5.198223 4.674632 2.119049 3.775565 11.234490 6.200693 0.738299 
5.708692 5.185332 2.144941 4.225843 10.719286 6.219701 
5.526293 4.631153 2.300522 3.699353 11.066179 6.192228 0.265754 
4.916682 4.884258 2.428101 3.869265 11.157818 6.013834 
5.581310 4.622245 1.868800 4.010714 10.491664 6.554434 
5.532396 5.115189 1.763696 4.501910 10.896784 6.332116 
5.101183 5.076788 1.706919 4.156119 11.308741 6.009611 1.536614 
4.813038 5.358157 1.812735 4.442276 11.095788 5.937873 5.005848 
5.097820 5.440522 2.233943 3.806369 11.286145 5.943881 2.068923 
4.880553 6.007736 1.675969 4.168611 10.782137 6.557956 6.837524 
5.042398 5.402586 2.495506 3.672476 10.346055 6.758535 5.868816 
4.531065 5.672978 1.792302 4.120710 10.910834 6.512349 
5.049258 5.275390 2.260436 4.010220 11.402484 5.695262 1.243844 
4.884743 5.466030 2.342613 3.964760 11.316692 5.940883 
5.229613 5.476266 1.998855 4.248938 10.740856 6.259623 
4.858501 5.185830 1.899232 3.993767 10.660112 6.523194 1.211206 
4.620317 5.417483 1.766280 4.345391 11.182648 5.905702 
5.083127 5.230836 1.729177 4.456282 10.092422 6.787937 1.138477 
4.571444 5.223285 2.231182 3.981508 10.694871 6.219596 
4.718857 5.682524 2.468015 3.879971 11.481644 5.801600 
4.962024 4.962647 1.536551 4.502576 10.420429 6.532126 
5.281692 5.478089 2.055148 3.936461 10.519096 5.728838 6.680120 0.149235 
4.752461 5.374219 1.817847 4.160463 11.122988 6.160891 0.632290 
4.982690 5.278453 1.840867 4.528346 9.976407 6.656100 
5.048435 5.608539 1.580030 4.477692 11.032370 6.172559 
4.858459 5.094032 5.974058 4.604486 10.832465 1.634574 4.868684 0.465699 0.111769 
4.673610 5.370191 6.337410 4.234845 10.887370 1.817636 
4.705300 5.364548 6.325733 4.043629 10.550939 2.224116 0.970668 5.726407 
5.122729 5.093694 6.177133 3.823984 10.460111 2.093334 4.880585 
4.947183 5.295082 6.005323 3.852882 10.972807 2.482816 4.025171 
5.326386 5.024035 6.093463 4.249320 10.787262 2.115686 4.620717 
4.737051 5.537221 5.750905 4.239750 11.043016 1.933253 
4.974759 5.205711 5.905201 4.405271 11.423504 2.016342 1.464930 1.970733 
4.849668 5.924605 6.331484 4.528885 11.139447 1.579620 
4.662210 5.778441 6.220641 4.429929 10.728867 1.649773 1.586969 
1.307947 5.022644 5.966096 4.979153 11.019585 
