   0.116649 1482.439919
   0.116512 1478.786518
   0.116555 1468.582360
   0.115695 1477.459355
   0.114544 1480.969762
   0.115423 1477.339164
   0.115924 1469.972252
   0.116870 1465.798833
   0.117341 1471.808778
   0.117558 1483.593179
   0.116813 1471.510121
   0.116957 1491.844983
   0.118026 1459.848428
   0.117084 1475.691448
   0.117180 1472.626601
   0.118710 1464.556619
   0.116306 1472.160969
   0.117354 1488.896610
   0.117100 1479.725703
   0.115822 1470.769221
   0.116611 1467.983782
   0.116690 1479.845177
   0.118097 1469.721880
   0.117760 1476.140460
   0.117936 1479.521839
   0.116851 1468.013709
   0.117504 1485.369759
   0.116634 1477.080739
   0.116018 1481.236787
   0.114632 1462.660450
   0.113222 1474.872651
   0.114462 1493.404911
   0.115469 1483.592246
   0.116676 1462.619450
   0.115813 1468.331423
   0.115570 1492.953894
   0.115144 1490.983352
   0.114332 1463.607235
   0.114458 1490.107450
   0.114922 1493.166229
   0.114820 1471.781754
   0.114686 1478.703018
   0.114894 1493.309789
   0.115550 1477.607325
   0.115763 1472.715076
   0.114998 1489.292433
   0.115594 1496.333441
   0.114231 1482.430449
   0.114882 1463.289641
   0.116663 1474.834896
   0.117045 1474.726817
   0.116663 1489.196784
   0.115112 1476.637214
   0.114407 1476.129181
   0.114690 1481.005764
   0.115280 1481.438208
   0.116107 1474.341039
   0.117256 1478.261588
   0.115119 1464.807563
   0.114833 1469.458229
   0.114308 1483.219811
   0.113332 1479.202855
   0.113240 1481.485351
   0.112491 1493.581891
   0.112615 1472.229080
   0.112923 1472.964126
   0.113507 1456.562388
   0.112859 1485.726139
   0.112026 1469.395864
   0.113052 1474.866006
   0.112908 1485.957188
   0.112869 1477.898537
   0.113400 1477.094698
   0.113693 1473.403849
   0.113214 1485.666058
   0.113723 1468.166350
   0.113052 1477.406424
   0.114566 1484.675392
   0.114224 1477.393113
   0.114996 1465.315629
   0.113300 1481.400985
   0.112956 1480.394531
   0.113119 1479.323331
   0.113466 1481.133047
   0.113539 1480.825086
   0.113197 1473.381379
   0.113197 1501.681529
   0.114458 1476.790125
   0.115096 1459.268188
   0.115031 1479.795056
   0.115308 1477.308331
   0.116375 1465.909453
   0.117086 1476.354437
   0.117171 1473.524735
   0.115847 1468.754724
   0.116323 1477.322408
   0.116922 1474.161348
   0.117358 1476.480694
   0.117823 1475.607022
   0.118405 1479.782963
