   0.92       0       2
   1.84       0       1
   2.76       0       2
    4.6       0       4
   6.44       0       2
   7.36       0       3
   8.28       0       5
    9.2       0       4
  10.12       0       8
  11.04       0       6
   1.38 1.01037       1
    2.3 1.01037       2
   3.22 1.01037       5
   4.14 1.01037       4
   5.06 1.01037       4
    6.9 1.01037       4
   7.82 1.01037       3
   8.74 1.01037       6
   9.66 1.01037       4
  10.58 1.01037       3
   11.5 1.01037       8
   0.92 2.02073       1
   1.84 2.02073       1
   2.76 2.02073       3
   3.68 2.02073       1
    4.6 2.02073       3
   6.44 2.02073       4
   7.36 2.02073       3
   8.28 2.02073       5
    9.2 2.02073       6
  10.12 2.02073       4
  11.04 2.02073       6
   1.38  3.0311       6
    2.3  3.0311       3
   3.22  3.0311       2
   4.14  3.0311       6
   5.52 2.02073       5
   7.82  3.0311      10
   8.74  3.0311       7
   9.66  3.0311      11
  10.58  3.0311       2
   11.5  3.0311       5
   5.06  3.0311       1
   5.98  3.0311       4
    6.9  3.0311       4
  11.04 4.04147      13
   0.92 4.04147       2
   1.84 4.04147       1
   2.76 4.04147       1
   3.68 4.04147       2
    4.6 4.04147       1
   5.52 4.04147       2
   6.44 4.04147       4
   7.36 4.04147       7
   8.28 4.04147       5
    9.2 4.04147       4
  10.12 4.04147       5
   1.38 5.05183       2
    2.3 5.05183       1
   3.22 5.05183       2
   4.14 5.05183       2
   5.06 5.05183       2
   5.98 5.05183       2
    6.9 5.05183       5
   7.82 5.05183       3
   8.74 5.05183       7
   9.66 5.05183       4
  10.58 5.05183       8
   2.76  6.0622       2
   3.68  6.0622       3
    4.6  6.0622       3
   5.52  6.0622       7
   6.44  6.0622       3
   7.36  6.0622       3
   8.28  6.0622       4
    9.2  6.0622       1
  10.12  6.0622       3
  11.04  6.0622       2
